Day	P50	StdDev
0	49.8840	1.8901
1	50.0600	1.8918
2	50.2360	1.8936
3	50.4120	1.8944
4	50.5880	1.8959
5	50.7640	1.8976
6	50.9390	1.8991
7	51.1150	1.9000
8	51.2910	1.9013
9	51.4670	1.9028
10	51.6430	1.9041
11	51.8190	1.9049
12	51.9940	1.9062
13	52.1700	1.9075
14	52.3460	1.9086
15	52.4980	1.9105
16	52.6490	1.9129
17	52.7990	1.9150
18	52.9480	1.9174
19	53.0970	1.9195
20	53.2440	1.9219
21	53.3900	1.9238
22	53.5360	1.9258
23	53.6800	1.9277
24	53.8240	1.9305
25	53.9660	1.9322
26	54.1080	1.9345
27	54.2480	1.9363
28	54.3880	1.9386
29	54.5270	1.9408
30	54.6640	1.9423
31	54.8010	1.9446
32	54.9370	1.9466
33	55.0710	1.9487
34	55.2050	1.9506
35	55.3370	1.9526
36	55.4690	1.9545
37	55.5990	1.9562
38	55.7280	1.9586
39	55.8570	1.9603
40	55.9840	1.9618
41	56.1100	1.9642
42	56.2360	1.9657
43	56.3600	1.9674
44	56.4830	1.9693
45	56.6060	1.9715
46	56.7270	1.9725
47	56.8470	1.9747
48	56.9670	1.9766
49	57.0850	1.9777
50	57.2030	1.9796
51	57.3190	1.9813
52	57.4350	1.9828
53	57.5500	1.9848
54	57.6640	1.9863
55	57.7770	1.9878
56	57.8890	1.9893
57	58.0000	1.9910
58	58.1110	1.9923
59	58.2210	1.9944
60	58.3300	1.9957
61	58.4380	1.9972
62	58.5460	1.9991
63	58.6540	2.0004
64	58.7600	2.0017
65	58.8660	2.0036
66	58.9720	2.0047
67	59.0770	2.0067
68	59.1810	2.0077
69	59.2840	2.0097
70	59.3870	2.0112
71	59.4890	2.0122
72	59.5910	2.0142
73	59.6920	2.0155
74	59.7920	2.0172
75	59.8920	2.0180
76	59.9910	2.0197
77	60.0890	2.0212
78	60.1870	2.0227
79	60.2840	2.0242
80	60.3810	2.0255
81	60.4770	2.0270
82	60.5720	2.0283
83	60.6660	2.0298
84	60.7600	2.0311
85	60.8540	2.0324
86	60.9470	2.0337
87	61.0390	2.0356
88	61.1300	2.0367
89	61.2210	2.0380
90	61.3120	2.0393
91	61.4010	2.0408
92	61.4900	2.0418
93	61.5790	2.0429
94	61.6670	2.0446
95	61.7540	2.0457
96	61.8410	2.0474
97	61.9270	2.0483
98	62.0130	2.0502
99	62.0980	2.0511
100	62.1830	2.0526
101	62.2660	2.0534
102	62.3500	2.0549
103	62.4330	2.0558
104	62.5150	2.0573
105	62.5970	2.0586
106	62.6780	2.0594
107	62.7580	2.0607
108	62.8380	2.0622
109	62.9180	2.0631
110	62.9970	2.0644
111	63.0750	2.0657
112	63.1530	2.0670
113	63.2310	2.0682
114	63.3080	2.0689
115	63.3840	2.0700
116	63.4600	2.0712
117	63.5350	2.0725
118	63.6100	2.0736
119	63.6840	2.0747
120	63.7580	2.0760
121	63.8310	2.0770
122	63.9040	2.0781
123	63.9760	2.0792
124	64.0480	2.0803
125	64.1200	2.0813
126	64.1910	2.0822
127	64.2610	2.0833
128	64.3310	2.0841
129	64.4010	2.0852
130	64.4700	2.0863
131	64.5380	2.0871
132	64.6070	2.0886
133	64.6740	2.0895
134	64.7420	2.0906
135	64.8090	2.0914
136	64.8760	2.0921
137	64.9420	2.0938
138	65.0070	2.0946
139	65.0730	2.0953
140	65.1380	2.0961
141	65.2030	2.0976
142	65.2670	2.0983
143	65.3310	2.0991
144	65.3950	2.1004
145	65.4580	2.1013
146	65.5210	2.1026
147	65.5830	2.1032
148	65.6460	2.1041
149	65.7080	2.1054
150	65.7690	2.1060
151	65.8300	2.1073
152	65.8910	2.1077
153	65.9520	2.1090
154	66.0120	2.1099
155	66.0720	2.1112
156	66.1320	2.1116
157	66.1910	2.1129
158	66.2500	2.1142
159	66.3090	2.1146
160	66.3670	2.1157
161	66.4260	2.1163
162	66.4840	2.1174
163	66.5410	2.1187
164	66.5980	2.1191
165	66.6560	2.1204
166	66.7120	2.1217
167	66.7690	2.1219
168	66.8250	2.1230
169	66.8820	2.1242
170	66.9370	2.1253
171	66.9930	2.1262
172	67.0480	2.1268
173	67.1040	2.1277
174	67.1580	2.1290
175	67.2130	2.1300
176	67.2680	2.1311
177	67.3220	2.1313
178	67.3760	2.1326
179	67.4300	2.1335
180	67.4840	2.1345
181	67.5370	2.1356
182	67.5900	2.1367
183	67.6440	2.1376
184	67.6960	2.1384
185	67.7490	2.1395
186	67.8020	2.1406
187	67.8540	2.1416
188	67.9060	2.1425
189	67.9580	2.1436
190	68.0100	2.1444
191	68.0620	2.1453
192	68.1130	2.1464
193	68.1650	2.1472
194	68.2160	2.1481
195	68.2670	2.1489
196	68.3180	2.1500
197	68.3680	2.1517
198	68.4190	2.1524
199	68.4700	2.1534
200	68.5200	2.1543
201	68.5700	2.1554
202	68.6200	2.1562
203	68.6700	2.1577
204	68.7200	2.1586
205	68.7690	2.1592
206	68.8190	2.1603
207	68.8680	2.1618
208	68.9170	2.1627
209	68.9660	2.1635
210	69.0150	2.1644
211	69.0640	2.1659
212	69.1130	2.1667
213	69.1620	2.1676
214	69.2100	2.1691
215	69.2580	2.1700
216	69.3070	2.1708
217	69.3550	2.1721
218	69.4030	2.1730
219	69.4510	2.1747
220	69.4990	2.1755
221	69.5470	2.1762
222	69.5940	2.1775
223	69.6420	2.1785
224	69.6900	2.1800
225	69.7370	2.1807
226	69.7840	2.1822
227	69.8320	2.1830
228	69.8790	2.1845
229	69.9260	2.1852
230	69.9730	2.1867
231	70.0200	2.1876
232	70.0660	2.1891
233	70.1130	2.1897
234	70.1600	2.1912
235	70.2060	2.1921
236	70.2530	2.1933
237	70.2990	2.1942
238	70.3460	2.1955
239	70.3920	2.1970
240	70.4380	2.1979
241	70.4840	2.1991
242	70.5300	2.2006
243	70.5760	2.2015
244	70.6220	2.2028
245	70.6680	2.2034
246	70.7140	2.2049
247	70.7600	2.2064
248	70.8060	2.2071
249	70.8510	2.2086
250	70.8970	2.2099
251	70.9420	2.2114
252	70.9880	2.2120
253	71.0330	2.2133
254	71.0780	2.2148
255	71.1240	2.2161
256	71.1690	2.2170
257	71.2140	2.2185
258	71.2590	2.2197
259	71.3040	2.2210
260	71.3490	2.2219
261	71.3940	2.2234
262	71.4380	2.2247
263	71.4830	2.2262
264	71.5280	2.2275
265	71.5720	2.2281
266	71.6170	2.2296
267	71.6620	2.2309
268	71.7060	2.2322
269	71.7500	2.2337
270	71.7950	2.2350
271	71.8390	2.2365
272	71.8830	2.2378
273	71.9270	2.2384
274	71.9710	2.2397
275	72.0150	2.2412
276	72.0590	2.2427
277	72.1030	2.2440
278	72.1470	2.2453
279	72.1910	2.2468
280	72.2350	2.2481
281	72.2780	2.2494
282	72.3220	2.2506
283	72.3660	2.2521
284	72.4090	2.2534
285	72.4520	2.2547
286	72.4960	2.2562
287	72.5390	2.2575
288	72.5820	2.2588
289	72.6250	2.2603
290	72.6680	2.2616
291	72.7120	2.2629
292	72.7540	2.2642
293	72.7970	2.2655
294	72.8400	2.2670
295	72.8830	2.2682
296	72.9260	2.2695
297	72.9680	2.2710
298	73.0110	2.2721
299	73.0540	2.2740
300	73.0960	2.2755
301	73.1380	2.2770
302	73.1810	2.2781
303	73.2230	2.2794
304	73.2650	2.2809
305	73.3080	2.2822
306	73.3500	2.2835
307	73.3920	2.2856
308	73.4340	2.2869
309	73.4760	2.2882
310	73.5180	2.2895
311	73.5590	2.2908
312	73.6010	2.2921
313	73.6430	2.2940
314	73.6840	2.2955
315	73.7260	2.2966
316	73.7680	2.2981
317	73.8090	2.2991
318	73.8510	2.3013
319	73.8920	2.3026
320	73.9330	2.3039
321	73.9740	2.3049
322	74.0160	2.3071
323	74.0570	2.3086
324	74.0980	2.3099
325	74.1390	2.3112
326	74.1800	2.3129
327	74.2210	2.3142
328	74.2620	2.3155
329	74.3030	2.3176
330	74.3430	2.3189
331	74.3840	2.3202
332	74.4250	2.3215
333	74.4650	2.3234
334	74.5060	2.3247
335	74.5460	2.3260
336	74.5870	2.3279
337	74.6270	2.3292
338	74.6680	2.3305
339	74.7080	2.3326
340	74.7480	2.3337
341	74.7880	2.3350
342	74.8280	2.3371
343	74.8690	2.3382
344	74.9090	2.3395
345	74.9490	2.3414
346	74.9890	2.3427
347	75.0280	2.3448
348	75.0680	2.3459
349	75.1080	2.3472
350	75.1480	2.3494
351	75.1880	2.3504
352	75.2270	2.3524
353	75.2670	2.3536
354	75.3060	2.3547
355	75.3460	2.3571
356	75.3860	2.3582
357	75.4250	2.3601
358	75.4640	2.3614
359	75.5040	2.3633
360	75.5430	2.3646
361	75.5820	2.3665
362	75.6220	2.3678
363	75.6610	2.3691
364	75.7000	2.3708
365	75.7390	2.3721
366	75.7780	2.3742
367	75.8170	2.3755
368	75.8560	2.3775
369	75.8950	2.3785
370	75.9340	2.3807
371	75.9730	2.3820
372	76.0120	2.3839
373	76.0500	2.3852
374	76.0890	2.3869
375	76.1280	2.3882
376	76.1660	2.3903
377	76.2050	2.3914
378	76.2440	2.3933
379	76.2820	2.3946
380	76.3210	2.3966
381	76.3590	2.3985
382	76.3980	2.3998
383	76.4360	2.4017
384	76.4740	2.4030
385	76.5120	2.4049
386	76.5510	2.4060
387	76.5890	2.4079
388	76.6270	2.4092
389	76.6650	2.4112
390	76.7030	2.4133
391	76.7410	2.4142
392	76.7790	2.4163
393	76.8170	2.4176
394	76.8550	2.4193
395	76.8930	2.4212
396	76.9300	2.4225
397	76.9680	2.4245
398	77.0060	2.4258
399	77.0440	2.4277
400	77.0810	2.4296
401	77.1190	2.4309
402	77.1560	2.4328
403	77.1940	2.4348
404	77.2310	2.4358
405	77.2690	2.4380
406	77.3060	2.4391
407	77.3430	2.4410
408	77.3810	2.4429
409	77.4180	2.4442
410	77.4550	2.4459
411	77.4920	2.4481
412	77.5300	2.4491
413	77.5660	2.4513
414	77.6040	2.4530
415	77.6410	2.4543
416	77.6780	2.4562
417	77.7140	2.4582
418	77.7510	2.4594
419	77.7880	2.4612
420	77.8250	2.4631
421	77.8620	2.4644
422	77.8990	2.4663
423	77.9350	2.4682
424	77.9720	2.4695
425	78.0080	2.4715
426	78.0450	2.4734
427	78.0820	2.4753
428	78.1180	2.4764
429	78.1550	2.4783
430	78.1910	2.4803
431	78.2280	2.4813
432	78.2640	2.4833
433	78.3000	2.4854
434	78.3360	2.4873
435	78.3730	2.4884
436	78.4090	2.4901
437	78.4450	2.4923
438	78.4810	2.4942
439	78.5170	2.4953
440	78.5530	2.4972
441	78.5890	2.4991
442	78.6250	2.5011
443	78.6610	2.5024
444	78.6970	2.5041
445	78.7330	2.5060
446	78.7690	2.5082
447	78.8050	2.5090
448	78.8410	2.5112
449	78.8760	2.5131
450	78.9120	2.5150
451	78.9480	2.5161
452	78.9840	2.5178
453	79.0190	2.5197
454	79.0550	2.5219
455	79.0900	2.5238
456	79.1260	2.5249
457	79.1610	2.5268
458	79.1970	2.5288
459	79.2320	2.5307
460	79.2680	2.5326
461	79.3030	2.5339
462	79.3380	2.5356
463	79.3740	2.5376
464	79.4090	2.5395
465	79.4440	2.5414
466	79.4790	2.5425
467	79.5140	2.5444
468	79.5500	2.5464
469	79.5850	2.5483
470	79.6200	2.5502
471	79.6550	2.5521
472	79.6900	2.5532
473	79.7250	2.5552
474	79.7600	2.5571
475	79.7950	2.5590
476	79.8300	2.5609
477	79.8640	2.5629
478	79.8990	2.5639
479	79.9340	2.5659
480	79.9690	2.5678
481	80.0040	2.5697
482	80.0380	2.5717
483	80.0730	2.5734
484	80.1080	2.5753
485	80.1420	2.5766
486	80.1770	2.5785
487	80.2110	2.5805
488	80.2460	2.5824
489	80.2800	2.5843
490	80.3150	2.5861
491	80.3490	2.5880
492	80.3840	2.5891
493	80.4180	2.5910
494	80.4520	2.5929
495	80.4870	2.5948
496	80.5210	2.5966
497	80.5550	2.5987
498	80.5900	2.6006
499	80.6240	2.6024
500	80.6580	2.6043
501	80.6920	2.6056
502	80.7260	2.6073
503	80.7600	2.6092
504	80.7940	2.6112
505	80.8280	2.6131
506	80.8620	2.6150
507	80.8960	2.6170
508	80.9300	2.6189
509	80.9640	2.6206
510	80.9980	2.6227
511	81.0320	2.6245
512	81.0660	2.6264
513	81.0990	2.6275
514	81.1330	2.6296
515	81.1670	2.6313
516	81.2000	2.6333
517	81.2340	2.6352
518	81.2680	2.6371
519	81.3010	2.6388
520	81.3350	2.6408
521	81.3680	2.6427
522	81.4020	2.6446
523	81.4350	2.6466
524	81.4690	2.6485
525	81.5020	2.6504
526	81.5360	2.6521
527	81.5690	2.6541
528	81.6020	2.6560
529	81.6360	2.6579
530	81.6690	2.6590
531	81.7020	2.6609
532	81.7350	2.6629
533	81.7680	2.6646
534	81.8020	2.6667
535	81.8350	2.6685
536	81.8680	2.6704
537	81.9010	2.6723
538	81.9340	2.6742
539	81.9670	2.6760
540	82.0000	2.6781
541	82.0330	2.6798
542	82.0660	2.6820
543	82.0990	2.6837
544	82.1320	2.6856
545	82.1640	2.6873
546	82.1970	2.6895
547	82.2300	2.6914
548	82.2630	2.6931
549	82.2960	2.6951
550	82.3280	2.6970
551	82.3610	2.6987
552	82.3940	2.7006
553	82.4260	2.7026
554	82.4590	2.7045
555	82.4910	2.7064
556	82.5240	2.7084
557	82.5560	2.7103
558	82.5890	2.7120
559	82.6210	2.7139
560	82.6540	2.7157
561	82.6860	2.7176
562	82.7180	2.7197
563	82.7500	2.7217
564	82.7830	2.7234
565	82.8150	2.7253
566	82.8470	2.7273
567	82.8800	2.7290
568	82.9120	2.7309
569	82.9440	2.7328
570	82.9760	2.7348
571	83.0080	2.7365
572	83.0400	2.7386
573	83.0720	2.7403
574	83.1040	2.7423
575	83.1360	2.7442
576	83.1680	2.7468
577	83.2000	2.7489
578	83.2320	2.7506
579	83.2640	2.7526
580	83.2960	2.7543
581	83.3270	2.7562
582	83.3590	2.7582
583	83.3910	2.7601
584	83.4230	2.7620
585	83.4540	2.7637
586	83.4860	2.7657
587	83.5180	2.7676
588	83.5490	2.7695
589	83.5810	2.7712
590	83.6120	2.7732
591	83.6440	2.7751
592	83.6750	2.7770
593	83.7070	2.7790
594	83.7380	2.7809
595	83.7700	2.7826
596	83.8010	2.7854
597	83.8330	2.7873
598	83.8640	2.7893
599	83.8950	2.7910
600	83.9270	2.7929
601	83.9580	2.7948
602	83.9890	2.7966
603	84.0200	2.7985
604	84.0520	2.8004
605	84.0830	2.8021
606	84.1140	2.8043
607	84.1450	2.8060
608	84.1760	2.8079
609	84.2070	2.8097
610	84.2380	2.8127
611	84.2700	2.8144
612	84.3010	2.8163
613	84.3320	2.8182
614	84.3630	2.8200
615	84.3940	2.8221
616	84.4240	2.8238
617	84.4550	2.8255
618	84.4860	2.8275
619	84.5170	2.8294
620	84.5480	2.8313
621	84.5790	2.8341
622	84.6100	2.8358
623	84.6400	2.8378
624	84.6710	2.8395
625	84.7020	2.8414
626	84.7320	2.8436
627	84.7630	2.8453
628	84.7940	2.8472
629	84.8240	2.8491
630	84.8550	2.8509
631	84.8860	2.8534
632	84.9160	2.8554
633	84.9460	2.8573
634	84.9770	2.8592
635	85.0080	2.8612
636	85.0380	2.8631
637	85.0680	2.8648
638	85.0990	2.8667
639	85.1290	2.8687
640	85.1590	2.8715
641	85.1900	2.8732
642	85.2200	2.8751
643	85.2500	2.8770
644	85.2800	2.8788
645	85.3110	2.8807
646	85.3410	2.8824
647	85.3710	2.8845
648	85.4010	2.8863
649	85.4310	2.8891
650	85.4620	2.8908
651	85.4920	2.8929
652	85.5220	2.8946
653	85.5520	2.8966
654	85.5820	2.8985
655	85.6120	2.9002
656	85.6420	2.9021
657	85.6720	2.9049
658	85.7020	2.9067
659	85.7310	2.9086
660	85.7610	2.9105
661	85.7910	2.9124
662	85.8210	2.9142
663	85.8510	2.9161
664	85.8810	2.9187
665	85.9100	2.9208
666	85.9400	2.9225
667	85.9700	2.9245
668	86.0000	2.9264
669	86.0290	2.9281
670	86.0590	2.9300
671	86.0880	2.9320
672	86.1180	2.9348
673	86.1480	2.9365
674	86.1770	2.9384
675	86.2070	2.9401
676	86.2360	2.9421
677	86.2660	2.9438
678	86.2950	2.9457
679	86.3250	2.9485
680	86.3540	2.9504
681	86.3840	2.9524
682	86.4130	2.9541
683	86.4420	2.9560
684	86.4720	2.9579
685	86.5010	2.9597
686	86.5310	2.9624
687	86.5600	2.9644
688	86.5890	2.9661
689	86.6180	2.9680
690	86.6480	2.9700
691	86.6770	2.9717
692	86.7060	2.9738
693	86.7350	2.9764
694	86.7640	2.9783
695	86.7940	2.9800
696	86.8230	2.9820
697	86.8520	2.9839
698	86.8810	2.9858
699	86.9100	2.9876
700	86.9390	2.9903
701	86.9680	2.9923
702	86.9970	2.9940
703	87.0260	2.9959
704	87.0550	2.9979
705	87.0840	2.9996
706	87.1130	3.0017
707	87.1420	3.0043
708	87.1710	3.0060
709	87.2000	3.0082
710	87.2290	3.0099
711	87.2580	3.0118
712	87.2860	3.0135
713	87.3150	3.0155
714	87.3440	3.0182
715	87.3730	3.0202
716	87.4010	3.0221
717	87.4300	3.0238
718	87.4590	3.0258
719	87.4880	3.0277
720	87.5160	3.0294
721	87.5450	3.0322
722	87.5740	3.0341
723	87.6020	3.0361
724	87.6310	3.0378
725	87.6590	3.0397
726	87.6880	3.0414
727	87.7160	3.0433
728	87.7450	3.0461
729	87.7730	3.0479
730	87.8020	3.0498
731	87.1300	3.0517
732	87.1590	3.0536
733	87.1870	3.0554
734	87.2160	3.0573
735	87.2440	3.0601
736	87.2720	3.0620
737	87.3010	3.0637
738	87.3290	3.0657
739	87.3570	3.0674
740	87.3850	3.0693
741	87.4140	3.0712
742	87.4420	3.0740
743	87.4700	3.0760
744	87.4980	3.0777
745	87.5260	3.0796
746	87.5540	3.0813
747	87.5830	3.0835
748	87.6110	3.0852
749	87.6390	3.0871
750	87.6670	3.0897
751	87.6950	3.0916
752	87.7230	3.0936
753	87.7510	3.0953
754	87.7790	3.0972
755	87.8070	3.0991
756	87.8350	3.1011
757	87.8620	3.1036
758	87.8900	3.1056
759	87.9180	3.1073
760	87.9460	3.1094
761	87.9740	3.1112
762	88.0020	3.1131
763	88.0290	3.1148
764	88.0570	3.1167
765	88.0850	3.1195
766	88.1120	3.1212
767	88.1400	3.1232
768	88.1680	3.1251
769	88.1950	3.1268
770	88.2230	3.1288
771	88.2500	3.1307
772	88.2780	3.1335
773	88.3050	3.1352
774	88.3330	3.1371
775	88.3600	3.1388
776	88.3880	3.1408
777	88.4150	3.1425
778	88.4420	3.1444
779	88.4700	3.1464
780	88.4970	3.1491
781	88.5240	3.1509
782	88.5520	3.1528
783	88.5790	3.1545
784	88.6060	3.1564
785	88.6340	3.1586
786	88.6610	3.1603
787	88.6880	3.1622
788	88.7150	3.1639
789	88.7420	3.1667
790	88.7690	3.1685
791	88.7960	3.1704
792	88.8230	3.1723
793	88.8500	3.1740
794	88.8780	3.1758
795	88.9040	3.1779
796	88.9310	3.1796
797	88.9580	3.1813
798	88.9850	3.1843
799	89.0120	3.1861
800	89.0390	3.1880
801	89.0660	3.1897
802	89.0930	3.1916
803	89.1200	3.1933
804	89.1460	3.1953
805	89.1730	3.1972
806	89.2000	3.1991
807	89.2270	3.2009
808	89.2530	3.2036
809	89.2800	3.2056
810	89.3070	3.2073
811	89.3330	3.2092
812	89.3600	3.2109
813	89.3860	3.2129
814	89.4130	3.2146
815	89.4400	3.2165
816	89.4660	3.2185
817	89.4920	3.2204
818	89.5190	3.2219
819	89.5460	3.2247
820	89.5720	3.2266
821	89.5980	3.2285
822	89.6250	3.2303
823	89.6510	3.2322
824	89.6770	3.2341
825	89.7040	3.2358
826	89.7300	3.2378
827	89.7560	3.2397
828	89.7820	3.2414
829	89.8090	3.2433
830	89.8350	3.2451
831	89.8610	3.2479
832	89.8870	3.2498
833	89.9130	3.2517
834	89.9400	3.2534
835	89.9660	3.2552
836	89.9920	3.2571
837	90.0180	3.2590
838	90.0440	3.2607
839	90.0700	3.2627
840	90.0960	3.2644
841	90.1220	3.2663
842	90.1480	3.2680
843	90.1740	3.2702
844	90.1990	3.2719
845	90.2250	3.2736
846	90.2510	3.2764
847	90.2770	3.2781
848	90.3030	3.2800
849	90.3280	3.2818
850	90.3540	3.2837
851	90.3800	3.2854
852	90.4060	3.2873
853	90.4310	3.2893
854	90.4570	3.2910
855	90.4820	3.2929
856	90.5080	3.2948
857	90.5340	3.2966
858	90.5590	3.2985
859	90.5850	3.3002
860	90.6100	3.3021
861	90.6360	3.3039
862	90.6610	3.3058
863	90.6870	3.3075
864	90.7120	3.3094
865	90.7380	3.3114
866	90.7630	3.3131
867	90.7880	3.3150
868	90.8140	3.3178
869	90.8390	3.3195
870	90.8640	3.3215
871	90.8890	3.3232
872	90.9150	3.3251
873	90.9400	3.3268
874	90.9650	3.3288
875	90.9900	3.3305
876	91.0150	3.3324
877	91.0400	3.3341
878	91.0660	3.3358
879	91.0900	3.3380
880	91.1160	3.3397
881	91.1410	3.3414
882	91.1660	3.3431
883	91.1910	3.3451
884	91.2160	3.3470
885	91.2400	3.3487
886	91.2650	3.3504
887	91.2900	3.3524
888	91.3150	3.3541
889	91.3400	3.3562
890	91.3650	3.3579
891	91.3900	3.3597
892	91.4140	3.3616
893	91.4390	3.3633
894	91.4640	3.3652
895	91.4890	3.3670
896	91.5130	3.3689
897	91.5380	3.3706
898	91.5630	3.3723
899	91.5870	3.3742
900	91.6120	3.3760
901	91.6360	3.3779
902	91.6610	3.3798
903	91.6860	3.3818
904	91.7100	3.3833
905	91.7340	3.3852
906	91.7590	3.3871
907	91.7830	3.3888
908	91.8080	3.3906
909	91.8320	3.3925
910	91.8570	3.3942
911	91.8810	3.3961
912	91.9050	3.3979
913	91.9300	3.3998
914	91.9540	3.4017
915	91.9780	3.4034
916	92.0020	3.4054
917	92.0270	3.4071
918	92.0510	3.4090
919	92.0750	3.4107
920	92.0990	3.4124
921	92.1240	3.4135
922	92.1480	3.4152
923	92.1720	3.4170
924	92.1960	3.4189
925	92.2200	3.4206
926	92.2440	3.4223
927	92.2680	3.4240
928	92.2920	3.4262
929	92.3160	3.4279
930	92.3400	3.4296
931	92.3640	3.4313
932	92.3880	3.4333
933	92.4120	3.4352
934	92.4360	3.4369
935	92.4600	3.4388
936	92.4830	3.4406
937	92.5070	3.4423
938	92.5310	3.4442
939	92.5550	3.4459
940	92.5790	3.4479
941	92.6020	3.4487
942	92.6260	3.4504
943	92.6500	3.4524
944	92.6740	3.4543
945	92.6970	3.4558
946	92.7210	3.4577
947	92.7440	3.4594
948	92.7680	3.4614
949	92.7920	3.4631
950	92.8150	3.4648
951	92.8390	3.4667
952	92.8620	3.4685
953	92.8860	3.4704
954	92.9090	3.4721
955	92.9330	3.4730
956	92.9560	3.4749
957	92.9800	3.4766
958	93.0030	3.4785
959	93.0260	3.4800
960	93.0500	3.4820
961	93.0730	3.4839
962	93.0970	3.4856
963	93.1200	3.4876
964	93.1430	3.4893
965	93.1660	3.4912
966	93.1900	3.4918
967	93.2130	3.4936
968	93.2360	3.4955
969	93.2600	3.4972
970	93.2830	3.4991
971	93.3060	3.5009
972	93.3290	3.5026
973	93.3520	3.5045
974	93.3750	3.5062
975	93.3980	3.5082
976	93.4220	3.5088
977	93.4450	3.5109
978	93.4680	3.5127
979	93.4910	3.5144
980	93.5140	3.5161
981	93.5370	3.5180
982	93.5600	3.5200
983	93.5830	3.5217
984	93.6060	3.5225
985	93.6280	3.5242
986	93.6510	3.5260
987	93.6740	3.5279
988	93.6970	3.5296
989	93.7200	3.5313
990	93.7430	3.5333
991	93.7660	3.5350
992	93.7890	3.5358
993	93.8110	3.5376
994	93.8340	3.5395
995	93.8570	3.5412
996	93.8800	3.5431
997	93.9020	3.5448
998	93.9250	3.5468
999	93.9480	3.5476
1000	93.9710	3.5494
1001	93.9930	3.5511
1002	94.0160	3.5528
1003	94.0380	3.5547
1004	94.0610	3.5564
1005	94.0840	3.5584
1006	94.1060	3.5590
1007	94.1290	3.5609
1008	94.1520	3.5629
1009	94.1740	3.5644
1010	94.1970	3.5663
1011	94.2190	3.5682
1012	94.2420	3.5689
1013	94.2640	3.5708
1014	94.2870	3.5725
1015	94.3090	3.5742
1016	94.3320	3.5762
1017	94.3540	3.5781
1018	94.3760	3.5788
1019	94.3990	3.5807
1020	94.4210	3.5824
1021	94.4440	3.5841
1022	94.4660	3.5861
1023	94.4880	3.5869
1024	94.5110	3.5886
1025	94.5330	3.5903
1026	94.5560	3.5921
1027	94.5780	3.5940
1028	94.6000	3.5957
1029	94.6220	3.5968
1030	94.6450	3.5985
1031	94.6670	3.6000
1032	94.6890	3.6019
1033	94.7120	3.6036
1034	94.7340	3.6047
1035	94.7560	3.6064
1036	94.7780	3.6082
1037	94.8000	3.6101
1038	94.8220	3.6118
1039	94.8450	3.6127
1040	94.8670	3.6144
1041	94.8890	3.6163
1042	94.9110	3.6180
1043	94.9330	3.6197
1044	94.9550	3.6206
1045	94.9770	3.6225
1046	95.0000	3.6242
1047	95.0220	3.6260
1048	95.0440	3.6268
1049	95.0660	3.6285
1050	95.0880	3.6305
1051	95.1100	3.6322
1052	95.1320	3.6341
1053	95.1540	3.6350
1054	95.1760	3.6367
1055	95.1980	3.6384
1056	95.2200	3.6401
1057	95.2420	3.6410
1058	95.2640	3.6429
1059	95.2860	3.6448
1060	95.3070	3.6466
1061	95.3290	3.6483
1062	95.3510	3.6491
1063	95.3730	3.6509
1064	95.3950	3.6528
1065	95.4170	3.6545
1066	95.4390	3.6552
1067	95.4600	3.6569
1068	95.4820	3.6588
1069	95.5040	3.6605
1070	95.5260	3.6614
1071	95.5480	3.6633
1072	95.5700	3.6650
1073	95.5910	3.6667
1074	95.6130	3.6678
1075	95.6350	3.6695
1076	95.6560	3.6715
1077	95.6780	3.6730
1078	95.7000	3.6738
1079	95.7220	3.6758
1080	95.7430	3.6775
1081	95.7650	3.6794
1082	95.7870	3.6800
1083	95.8080	3.6818
1084	95.8300	3.6837
1085	95.8520	3.6843
1086	95.8730	3.6863
1087	95.8950	3.6880
1088	95.9160	3.6899
1089	95.9380	3.6906
1090	95.9600	3.6925
1091	95.9810	3.6942
1092	96.0030	3.6961
1093	96.0240	3.6968
1094	96.0460	3.6987
1095	96.0670	3.7004
1096	96.0890	3.7013
1097	96.1100	3.7032
1098	96.1320	3.7047
1099	96.1530	3.7067
1100	96.1750	3.7075
1101	96.1960	3.7092
1102	96.2180	3.7112
1103	96.2390	3.7118
1104	96.2610	3.7137
1105	96.2820	3.7155
1106	96.3040	3.7174
1107	96.3250	3.7180
1108	96.3460	3.7200
1109	96.3680	3.7217
1110	96.3890	3.7223
1111	96.4100	3.7242
1112	96.4320	3.7262
1113	96.4530	3.7268
1114	96.4740	3.7285
1115	96.4960	3.7305
1116	96.5170	3.7322
1117	96.5380	3.7333
1118	96.5600	3.7348
1119	96.5810	3.7365
1120	96.6020	3.7376
1121	96.6240	3.7393
1122	96.6450	3.7410
1123	96.6660	3.7418
1124	96.6870	3.7436
1125	96.7080	3.7453
1126	96.7300	3.7464
1127	96.7510	3.7481
1128	96.7720	3.7498
1129	96.7930	3.7506
1130	96.8140	3.7526
1131	96.8360	3.7543
1132	96.8570	3.7549
1133	96.8780	3.7567
1134	96.8990	3.7588
1135	96.9200	3.7594
1136	96.9410	3.7612
1137	96.9620	3.7629
1138	96.9840	3.7637
1139	97.0050	3.7657
1140	97.0260	3.7674
1141	97.0470	3.7682
1142	97.0680	3.7700
1143	97.0890	3.7717
1144	97.1100	3.7725
1145	97.1310	3.7742
1146	97.1520	3.7762
1147	97.1730	3.7770
1148	97.1940	3.7790
1149	97.2150	3.7807
1150	97.2360	3.7815
1151	97.2570	3.7833
1152	97.2780	3.7850
1153	97.2990	3.7858
1154	97.3200	3.7876
1155	97.3410	3.7893
1156	97.3620	3.7901
1157	97.3830	3.7921
1158	97.4040	3.7938
1159	97.4240	3.7946
1160	97.4450	3.7964
1161	97.4660	3.7972
1162	97.4870	3.7989
1163	97.5080	3.8009
1164	97.5290	3.8017
1165	97.5500	3.8034
1166	97.5710	3.8052
1167	97.5910	3.8058
1168	97.6120	3.8077
1169	97.6330	3.8094
1170	97.6540	3.8103
1171	97.6750	3.8122
1172	97.6950	3.8131
1173	97.7160	3.8146
1174	97.7370	3.8163
1175	97.7580	3.8174
1176	97.7780	3.8191
1177	97.7990	3.8208
1178	97.8200	3.8217
1179	97.8410	3.8234
1180	97.8610	3.8242
1181	97.8820	3.8262
1182	97.9030	3.8279
1183	97.9230	3.8285
1184	97.9440	3.8305
1185	97.9650	3.8313
1186	97.9850	3.8330
1187	98.0060	3.8348
1188	98.0270	3.8356
1189	98.0470	3.8376
1190	98.0680	3.8382
1191	98.0880	3.8401
1192	98.1090	3.8418
1193	98.1300	3.8427
1194	98.1500	3.8444
1195	98.1710	3.8461
1196	98.1910	3.8470
1197	98.2120	3.8489
1198	98.2320	3.8496
1199	98.2530	3.8515
1200	98.2740	3.8530
1201	98.2940	3.8541
1202	98.3140	3.8556
1203	98.3350	3.8567
1204	98.3560	3.8582
1205	98.3760	3.8592
1206	98.3960	3.8609
1207	98.4170	3.8627
1208	98.4370	3.8635
1209	98.4580	3.8652
1210	98.4780	3.8661
1211	98.4990	3.8680
1212	98.5190	3.8695
1213	98.5390	3.8706
1214	98.5600	3.8723
1215	98.5800	3.8730
1216	98.6000	3.8749
1217	98.6210	3.8766
1218	98.6410	3.8775
1219	98.6620	3.8792
1220	98.6820	3.8800
1221	98.7020	3.8818
1222	98.7220	3.8826
1223	98.7430	3.8843
1224	98.7630	3.8863
1225	98.7830	3.8869
1226	98.8040	3.8886
1227	98.8240	3.8897
1228	98.8440	3.8914
1229	98.8640	3.8921
1230	98.8850	3.8938
1231	98.9050	3.8957
1232	98.9250	3.8966
1233	98.9450	3.8983
1234	98.9660	3.8989
1235	98.9860	3.9009
1236	99.0060	3.9017
1237	99.0260	3.9034
1238	99.0460	3.9052
1239	99.0660	3.9060
1240	99.0860	3.9079
1241	99.1060	3.9084
1242	99.1270	3.9103
1243	99.1470	3.9112
1244	99.1670	3.9129
1245	99.1870	3.9137
1246	99.2070	3.9155
1247	99.2270	3.9172
1248	99.2470	3.9180
1249	99.2670	3.9197
1250	99.2870	3.9206
1251	99.3070	3.9223
1252	99.3270	3.9232
1253	99.3470	3.9249
1254	99.3670	3.9258
1255	99.3870	3.9275
1256	99.4070	3.9283
1257	99.4270	3.9300
1258	99.4470	3.9320
1259	99.4670	3.9326
1260	99.4870	3.9343
1261	99.5070	3.9352
1262	99.5270	3.9371
1263	99.5470	3.9380
1264	99.5670	3.9397
1265	99.5860	3.9406
1266	99.6060	3.9423
1267	99.6260	3.9429
1268	99.6460	3.9446
1269	99.6660	3.9464
1270	99.6860	3.9474
1271	99.7060	3.9491
1272	99.7250	3.9500
1273	99.7450	3.9517
1274	99.7650	3.9524
1275	99.7850	3.9543
1276	99.8050	3.9552
1277	99.8240	3.9569
1278	99.8440	3.9575
1279	99.8640	3.9592
1280	99.8840	3.9603
1281	99.9030	3.9620
1282	99.9230	3.9627
1283	99.9430	3.9644
1284	99.9620	3.9655
1285	99.9820	3.9670
1286	100.0020	3.9689
1287	100.0220	3.9697
1288	100.0410	3.9715
1289	100.0610	3.9721
1290	100.0800	3.9740
1291	100.1000	3.9747
1292	100.1200	3.9764
1293	100.1390	3.9775
1294	100.1590	3.9790
1295	100.1790	3.9798
1296	100.1980	3.9818
1297	100.2180	3.9824
1298	100.2370	3.9843
1299	100.2570	3.9850
1300	100.2760	3.9869
1301	100.2960	3.9876
1302	100.3160	3.9893
1303	100.3350	3.9901
1304	100.3550	3.9918
1305	100.3740	3.9927
1306	100.3940	3.9944
1307	100.4130	3.9953
1308	100.4330	3.9970
1309	100.4520	3.9979
1310	100.4720	3.9996
1311	100.4910	4.0004
1312	100.5110	4.0019
1313	100.5300	4.0030
1314	100.5500	4.0045
1315	100.5690	4.0064
1316	100.5880	4.0071
1317	100.6080	4.0090
1318	100.6270	4.0099
1319	100.6460	4.0114
1320	100.6660	4.0124
1321	100.6850	4.0139
1322	100.7050	4.0148
1323	100.7240	4.0167
1324	100.7430	4.0174
1325	100.7630	4.0191
1326	100.7820	4.0197
1327	100.8010	4.0217
1328	100.8210	4.0225
1329	100.8400	4.0245
1330	100.8590	4.0251
1331	100.8790	4.0268
1332	100.8980	4.0275
1333	100.9170	4.0292
1334	100.9360	4.0303
1335	100.9560	4.0320
1336	100.9750	4.0326
1337	100.9940	4.0343
1338	101.0130	4.0352
1339	101.0330	4.0371
1340	101.0520	4.0378
1341	101.0710	4.0395
1342	101.0900	4.0403
1343	101.1090	4.0421
1344	101.1290	4.0427
1345	101.1480	4.0436
1346	101.1670	4.0455
1347	101.1860	4.0461
1348	101.2050	4.0479
1349	101.2240	4.0487
1350	101.2440	4.0504
1351	101.2630	4.0513
1352	101.2820	4.0530
1353	101.3010	4.0536
1354	101.3200	4.0554
1355	101.3390	4.0562
1356	101.3580	4.0579
1357	101.3770	4.0588
1358	101.3960	4.0607
1359	101.4150	4.0614
1360	101.4340	4.0633
1361	101.4540	4.0637
1362	101.4720	4.0659
1363	101.4920	4.0663
1364	101.5110	4.0682
1365	101.5300	4.0689
1366	101.5490	4.0708
1367	101.5680	4.0715
1368	101.5870	4.0732
1369	101.6060	4.0740
1370	101.6250	4.0758
1371	101.6440	4.0766
1372	101.6620	4.0783
1373	101.6820	4.0792
1374	101.7000	4.0809
1375	101.7190	4.0818
1376	101.7380	4.0835
1377	101.7570	4.0841
1378	101.7760	4.0850
1379	101.7950	4.0867
1380	101.8140	4.0876
1381	101.8330	4.0893
1382	101.8520	4.0901
1383	101.8710	4.0918
1384	101.8900	4.0925
1385	101.9080	4.0942
1386	101.9270	4.0951
1387	101.9460	4.0970
1388	101.9650	4.0976
1389	101.9840	4.0996
1390	102.0030	4.1002
1391	102.0220	4.1019
1392	102.0400	4.1028
1393	102.0590	4.1045
1394	102.0780	4.1052
1395	102.0970	4.1069
1396	102.1160	4.1077
1397	102.1350	4.1097
1398	102.1530	4.1103
1399	102.1720	4.1112
1400	102.1910	4.1129
1401	102.2100	4.1135
1402	102.2280	4.1152
1403	102.2470	4.1161
1404	102.2660	4.1180
1405	102.2850	4.1187
1406	102.3040	4.1204
1407	102.3220	4.1212
1408	102.3410	4.1230
1409	102.3600	4.1238
1410	102.3780	4.1255
1411	102.3970	4.1262
1412	102.4160	4.1279
1413	102.4350	4.1288
1414	102.4530	4.1294
1415	102.4720	4.1313
1416	102.4910	4.1322
1417	102.5100	4.1337
1418	102.5280	4.1345
1419	102.5470	4.1365
1420	102.5660	4.1371
1421	102.5840	4.1391
1422	102.6030	4.1397
1423	102.6220	4.1414
1424	102.6400	4.1423
1425	102.6590	4.1440
1426	102.6780	4.1448
1427	102.6960	4.1464
1428	102.7150	4.1472
1429	102.7330	4.1481
1430	102.7520	4.1498
1431	102.7710	4.1504
1432	102.7890	4.1524
1433	102.8080	4.1532
1434	102.8260	4.1547
1435	102.8450	4.1556
1436	102.8640	4.1573
1437	102.8820	4.1582
1438	102.9010	4.1601
1439	102.9200	4.1607
1440	102.9380	4.1627
1441	102.9570	4.1633
1442	102.9750	4.1639
1443	102.9940	4.1657
1444	103.0120	4.1665
1445	103.0310	4.1682
1446	103.0490	4.1689
1447	103.0680	4.1708
1448	103.0860	4.1715
1449	103.1050	4.1734
1450	103.1240	4.1740
1451	103.1420	4.1760
1452	103.1610	4.1766
1453	103.1790	4.1773
1454	103.1980	4.1792
1455	103.2160	4.1798
1456	103.2350	4.1815
1457	103.2530	4.1824
1458	103.2720	4.1841
1459	103.2900	4.1850
1460	103.3090	4.1867
1461	103.3270	4.1876
1462	103.3460	4.1893
1463	103.3640	4.1899
1464	103.3830	4.1908
1465	103.4010	4.1925
1466	103.4200	4.1933
1467	103.4380	4.1951
1468	103.4570	4.1959
1469	103.4750	4.1976
1470	103.4940	4.1985
1471	103.5120	4.2000
1472	103.5300	4.2011
1473	103.5490	4.2026
1474	103.5670	4.2034
1475	103.5860	4.2041
1476	103.6040	4.2060
1477	103.6230	4.2067
1478	103.6410	4.2086
1479	103.6600	4.2092
1480	103.6780	4.2112
1481	103.6960	4.2118
1482	103.7150	4.2135
1483	103.7330	4.2144
1484	103.7520	4.2150
1485	103.7700	4.2167
1486	103.7880	4.2174
1487	103.8070	4.2193
1488	103.8250	4.2200
1489	103.8440	4.2219
1490	103.8620	4.2227
1491	103.8810	4.2245
1492	103.8990	4.2253
1493	103.9170	4.2260
1494	103.9360	4.2277
1495	103.9540	4.2283
1496	103.9720	4.2303
1497	103.9910	4.2309
1498	104.0090	4.2328
1499	104.0280	4.2335
1500	104.0460	4.2352
1501	104.0640	4.2361
1502	104.0830	4.2378
1503	104.1010	4.2386
1504	104.1200	4.2393
1505	104.1380	4.2412
1506	104.1560	4.2418
1507	104.1750	4.2436
1508	104.1930	4.2444
1509	104.2110	4.2461
1510	104.2300	4.2470
1511	104.2480	4.2489
1512	104.2660	4.2496
1513	104.2850	4.2502
1514	104.3030	4.2519
1515	104.3210	4.2528
1516	104.3400	4.2545
1517	104.3580	4.2554
1518	104.3760	4.2571
1519	104.3950	4.2577
1520	104.4130	4.2597
1521	104.4310	4.2603
1522	104.4500	4.2612
1523	104.4680	4.2629
1524	104.4860	4.2637
1525	104.5050	4.2655
1526	104.5230	4.2661
1527	104.5410	4.2680
1528	104.5600	4.2689
1529	104.5780	4.2695
1530	104.5960	4.2712
1531	104.6140	4.2719
1532	104.6330	4.2738
1533	104.6510	4.2747
1534	104.6690	4.2764
1535	104.6880	4.2770
1536	104.7060	4.2790
1537	104.7240	4.2796
1538	104.7420	4.2805
1539	104.7610	4.2822
1540	104.7790	4.2828
1541	104.7970	4.2848
1542	104.8160	4.2854
1543	104.8340	4.2871
1544	104.8520	4.2880
1545	104.8700	4.2899
1546	104.8890	4.2906
1547	104.9070	4.2914
1548	104.9250	4.2931
1549	104.9440	4.2938
1550	104.9620	4.2957
1551	104.9800	4.2964
1552	104.9980	4.2981
1553	105.0170	4.2989
1554	105.0350	4.2996
1555	105.0530	4.3015
1556	105.0720	4.3024
1557	105.0900	4.3041
1558	105.1080	4.3047
1559	105.1260	4.3067
1560	105.1440	4.3075
1561	105.1630	4.3090
1562	105.1810	4.3099
1563	105.1990	4.3105
1564	105.2180	4.3124
1565	105.2360	4.3131
1566	105.2540	4.3150
1567	105.2720	4.3157
1568	105.2910	4.3174
1569	105.3090	4.3182
1570	105.3270	4.3189
1571	105.3450	4.3208
1572	105.3640	4.3217
1573	105.3820	4.3234
1574	105.4000	4.3240
1575	105.4180	4.3260
1576	105.4360	4.3268
1577	105.4550	4.3285
1578	105.4730	4.3292
1579	105.4910	4.3300
1580	105.5090	4.3318
1581	105.5280	4.3324
1582	105.5460	4.3343
1583	105.5640	4.3352
1584	105.5820	4.3367
1585	105.6010	4.3376
1586	105.6190	4.3384
1587	105.6370	4.3403
1588	105.6550	4.3410
1589	105.6740	4.3427
1590	105.6920	4.3436
1591	105.7100	4.3453
1592	105.7280	4.3459
1593	105.7460	4.3468
1594	105.7650	4.3487
1595	105.7830	4.3494
1596	105.8010	4.3511
1597	105.8190	4.3519
1598	105.8370	4.3536
1599	105.8560	4.3543
1600	105.8740	4.3552
1601	105.8920	4.3571
1602	105.9100	4.3577
1603	105.9280	4.3594
1604	105.9470	4.3603
1605	105.9650	4.3620
1606	105.9830	4.3627
1607	106.0010	4.3635
1608	106.0190	4.3655
1609	106.0380	4.3661
1610	106.0560	4.3680
1611	106.0740	4.3687
1612	106.0920	4.3704
1613	106.1100	4.3712
1614	106.1290	4.3732
1615	106.1470	4.3738
1616	106.1650	4.3747
1617	106.1830	4.3764
1618	106.2010	4.3770
1619	106.2200	4.3788
1620	106.2380	4.3796
1621	106.2560	4.3815
1622	106.2740	4.3824
1623	106.2920	4.3830
1624	106.3100	4.3848
1625	106.3280	4.3856
1626	106.3470	4.3873
1627	106.3650	4.3880
1628	106.3830	4.3888
1629	106.4010	4.3906
1630	106.4190	4.3914
1631	106.4380	4.3933
1632	106.4560	4.3940
1633	106.4740	4.3957
1634	106.4920	4.3966
1635	106.5100	4.3972
1636	106.5280	4.3991
1637	106.5460	4.3998
1638	106.5650	4.4017
1639	106.5830	4.4026
1640	106.6010	4.4043
1641	106.6190	4.4049
1642	106.6370	4.4058
1643	106.6560	4.4075
1644	106.6740	4.4084
1645	106.6920	4.4101
1646	106.7100	4.4107
1647	106.7280	4.4127
1648	106.7460	4.4133
1649	106.7640	4.4142
1650	106.7820	4.4161
1651	106.8010	4.4167
1652	106.8190	4.4185
1653	106.8370	4.4193
1654	106.8550	4.4210
1655	106.8730	4.4219
1656	106.8910	4.4225
1657	106.9100	4.4242
1658	106.9280	4.4251
1659	106.9460	4.4270
1660	106.9640	4.4279
1661	106.9820	4.4296
1662	107.0000	4.4305
1663	107.0180	4.4311
1664	107.0360	4.4328
1665	107.0540	4.4337
1666	107.0730	4.4354
1667	107.0910	4.4363
1668	107.1090	4.4369
1669	107.1270	4.4386
1670	107.1450	4.4395
1671	107.1630	4.4414
1672	107.1810	4.4423
1673	107.2000	4.4440
1674	107.2180	4.4448
1675	107.2360	4.4455
1676	107.2540	4.4472
1677	107.2720	4.4481
1678	107.2900	4.4498
1679	107.3080	4.4506
1680	107.3260	4.4513
1681	107.3440	4.4530
1682	107.3620	4.4539
1683	107.3810	4.4556
1684	107.3990	4.4564
1685	107.4170	4.4584
1686	107.4350	4.4592
1687	107.4530	4.4597
1688	107.4710	4.4616
1689	107.4890	4.4624
1690	107.5070	4.4642
1691	107.5260	4.4650
1692	107.5440	4.4667
1693	107.5620	4.4676
1694	107.5800	4.4682
1695	107.5980	4.4702
1696	107.6160	4.4708
1697	107.6340	4.4727
1698	107.6520	4.4734
1699	107.6700	4.4742
1700	107.6880	4.4760
1701	107.7060	4.4768
1702	107.7240	4.4788
1703	107.7430	4.4794
1704	107.7610	4.4811
1705	107.7790	4.4820
1706	107.7970	4.4828
1707	107.8150	4.4845
1708	107.8330	4.4854
1709	107.8510	4.4871
1710	107.8690	4.4880
1711	107.8870	4.4886
1712	107.9050	4.4903
1713	107.9230	4.4912
1714	107.9420	4.4929
1715	107.9600	4.4938
1716	107.9780	4.4946
1717	107.9960	4.4964
1718	108.0140	4.4970
1719	108.0320	4.4989
1720	108.0500	4.4996
1721	108.0680	4.5017
1722	108.0860	4.5021
1723	108.1040	4.5030
1724	108.1220	4.5049
1725	108.1400	4.5056
1726	108.1580	4.5075
1727	108.1760	4.5084
1728	108.1940	4.5088
1729	108.2120	4.5109
1730	108.2310	4.5114
1731	108.2490	4.5133
1732	108.2670	4.5142
1733	108.2850	4.5148
1734	108.3030	4.5167
1735	108.3210	4.5176
1736	108.3390	4.5193
1737	108.3570	4.5202
1738	108.3750	4.5219
1739	108.3930	4.5227
1740	108.4110	4.5234
1741	108.4290	4.5253
1742	108.4470	4.5260
1743	108.4650	4.5279
1744	108.4830	4.5285
1745	108.5010	4.5294
1746	108.5190	4.5311
1747	108.5380	4.5320
1748	108.5560	4.5337
1749	108.5740	4.5345
1750	108.5920	4.5354
1751	108.6100	4.5371
1752	108.6280	4.5380
1753	108.6460	4.5397
1754	108.6640	4.5403
1755	108.6820	4.5412
1756	108.7000	4.5429
1757	108.7180	4.5438
1758	108.7360	4.5455
1759	108.7540	4.5464
1760	108.7720	4.5481
1761	108.7900	4.5489
1762	108.8080	4.5498
1763	108.8260	4.5515
1764	108.8440	4.5524
1765	108.8620	4.5541
1766	108.8800	4.5549
1767	108.8980	4.5558
1768	108.9160	4.5575
1769	108.9340	4.5584
1770	108.9520	4.5601
1771	108.9700	4.5609
1772	108.9880	4.5616
1773	109.0060	4.5635
1774	109.0240	4.5642
1775	109.0420	4.5661
1776	109.0600	4.5667
1777	109.0780	4.5676
1778	109.0960	4.5693
1779	109.1140	4.5702
1780	109.1320	4.5719
1781	109.1500	4.5727
1782	109.1680	4.5736
1783	109.1860	4.5753
1784	109.2040	4.5762
1785	109.2220	4.5779
1786	109.2400	4.5788
1787	109.2580	4.5796
1788	109.2760	4.5813
1789	109.2940	4.5822
1790	109.3120	4.5839
1791	109.3300	4.5848
1792	109.3480	4.5854
1793	109.3660	4.5873
1794	109.3840	4.5880
1795	109.4020	4.5899
1796	109.4200	4.5906
1797	109.4380	4.5914
1798	109.4560	4.5933
1799	109.4740	4.5940
1800	109.4920	4.5959
1801	109.5100	4.5966
1802	109.5280	4.5974
1803	109.5460	4.5991
1804	109.5640	4.6000
1805	109.5820	4.6017
1806	109.6000	4.6026
1807	109.6180	4.6034
1808	109.6360	4.6052
1809	109.6540	4.6060
1810	109.6720	4.6077
1811	109.6900	4.6086
1812	109.7080	4.6094
1813	109.7260	4.6112
1814	109.7440	4.6120
1815	109.7620	4.6137
1816	109.7800	4.6146
1817	109.7980	4.6152
1818	109.8160	4.6172
1819	109.8340	4.6178
1820	109.8520	4.6195
1821	109.8700	4.6204
1822	109.8880	4.6212
1823	109.9060	4.6230
1824	109.9230	4.6238
1825	109.9410	4.6255
1826	109.9590	4.6264
1827	109.9770	4.6273
1828	109.9950	4.6290
1829	110.0130	4.6296
1830	110.0310	4.6318
1831	110.0490	4.6322
1832	110.0670	4.6330
1833	110.0850	4.6350
1834	110.1030	4.6358
1835	110.1210	4.6376
1836	110.1390	4.6384
1837	110.1570	4.6393
1838	110.1740	4.6410
1839	110.1920	4.6418
1840	110.2100	4.6436
1841	110.2280	4.6444
1842	110.2460	4.6451
1843	110.2640	4.6468
1844	110.2820	4.6476
1845	110.3000	4.6494
1846	110.3180	4.6502
1847	110.3360	4.6511
1848	110.3540	4.6530
1849	110.3720	4.6536
1850	110.3900	4.6543
1851	110.4070	4.6564
1852	110.4250	4.6571
1853	110.4430	4.6588
1854	110.4610	4.6597
1855	110.4790	4.6605
1856	110.4970	4.6622
