Day	P50	StdDev
0	13.3360	0.9678
1	13.3180	0.9735
2	13.3010	0.9793
3	13.2830	0.9853
4	13.2650	0.9917
5	13.2470	0.9982
6	13.2290	1.0050
7	13.2110	1.0120
8	13.2460	1.0127
9	13.2800	1.0132
10	13.3140	1.0137
11	13.3480	1.0143
12	13.3820	1.0148
13	13.4160	1.0153
14	13.4500	1.0160
15	13.5170	1.0195
16	13.5870	1.0233
17	13.6600	1.0275
18	13.7320	1.0317
19	13.8060	1.0358
20	13.8780	1.0402
21	13.9500	1.0443
22	14.0220	1.0487
23	14.0920	1.0527
24	14.1600	1.0568
25	14.2280	1.0608
26	14.2940	1.0648
27	14.3580	1.0687
28	14.4210	1.0725
29	14.4820	1.0762
30	14.5420	1.0798
31	14.6000	1.0833
32	14.6570	1.0865
33	14.7110	1.0898
34	14.7640	1.0930
35	14.8160	1.0962
36	14.8660	1.0992
37	14.9140	1.1020
38	14.9610	1.1047
39	15.0070	1.1073
40	15.0520	1.1098
41	15.0960	1.1125
42	15.1380	1.1150
43	15.1790	1.1173
44	15.2200	1.1198
45	15.2590	1.1220
46	15.2970	1.1243
47	15.3350	1.1263
48	15.3710	1.1283
49	15.4060	1.1305
50	15.4410	1.1325
51	15.4740	1.1343
52	15.5070	1.1362
53	15.5390	1.1382
54	15.5710	1.1397
55	15.6010	1.1415
56	15.6310	1.1432
57	15.6600	1.1448
58	15.6890	1.1463
59	15.7170	1.1480
60	15.7440	1.1493
61	15.7710	1.1510
62	15.7980	1.1523
63	15.8230	1.1537
64	15.8480	1.1552
65	15.8730	1.1565
66	15.8970	1.1577
67	15.9200	1.1588
68	15.9430	1.1602
69	15.9660	1.1615
70	15.9870	1.1627
71	16.0090	1.1638
72	16.0300	1.1648
73	16.0500	1.1658
74	16.0700	1.1670
75	16.0900	1.1680
76	16.1090	1.1688
77	16.1280	1.1698
78	16.1460	1.1707
79	16.1640	1.1717
80	16.1820	1.1727
81	16.1990	1.1733
82	16.2160	1.1743
83	16.2320	1.1750
84	16.2480	1.1760
85	16.2640	1.1767
86	16.2800	1.1775
87	16.2950	1.1782
88	16.3100	1.1788
89	16.3250	1.1798
90	16.3390	1.1803
91	16.3530	1.1810
92	16.3670	1.1817
93	16.3800	1.1823
94	16.3940	1.1828
95	16.4060	1.1835
96	16.4190	1.1842
97	16.4320	1.1847
98	16.4440	1.1852
99	16.4560	1.1858
100	16.4670	1.1863
101	16.4790	1.1868
102	16.4900	1.1873
103	16.5010	1.1877
104	16.5120	1.1883
105	16.5220	1.1887
106	16.5320	1.1890
107	16.5430	1.1895
108	16.5520	1.1900
109	16.5620	1.1903
110	16.5720	1.1908
111	16.5810	1.1912
112	16.5900	1.1915
113	16.5990	1.1918
114	16.6080	1.1922
115	16.6160	1.1923
116	16.6250	1.1928
117	16.6330	1.1932
118	16.6410	1.1935
119	16.6490	1.1935
120	16.6570	1.1940
121	16.6650	1.1943
122	16.6720	1.1945
123	16.6800	1.1948
124	16.6870	1.1952
125	16.6940	1.1952
126	16.7010	1.1955
127	16.7080	1.1957
128	16.7140	1.1960
129	16.7210	1.1962
130	16.7270	1.1965
131	16.7340	1.1965
132	16.7400	1.1968
133	16.7460	1.1970
134	16.7520	1.1970
135	16.7580	1.1973
136	16.7630	1.1973
137	16.7690	1.1975
138	16.7740	1.1977
139	16.7800	1.1980
140	16.7850	1.1980
141	16.7900	1.1982
142	16.7950	1.1982
143	16.8000	1.1983
144	16.8040	1.1985
145	16.8090	1.1985
146	16.8130	1.1987
147	16.8180	1.1987
148	16.8220	1.1987
149	16.8260	1.1988
150	16.8300	1.1988
151	16.8340	1.1990
152	16.8380	1.1988
153	16.8420	1.1990
154	16.8450	1.1992
155	16.8490	1.1992
156	16.8520	1.1992
157	16.8550	1.1992
158	16.8590	1.1990
159	16.8620	1.1990
160	16.8650	1.1992
161	16.8680	1.1990
162	16.8700	1.1992
163	16.8730	1.1990
164	16.8760	1.1990
165	16.8780	1.1990
166	16.8810	1.1988
167	16.8830	1.1988
168	16.8850	1.1988
169	16.8880	1.1987
170	16.8900	1.1988
171	16.8920	1.1988
172	16.8940	1.1987
173	16.8950	1.1987
174	16.8970	1.1985
175	16.8990	1.1985
176	16.9000	1.1983
177	16.9020	1.1982
178	16.9030	1.1982
179	16.9040	1.1982
180	16.9060	1.1980
181	16.9070	1.1978
182	16.9080	1.1977
183	16.9090	1.1975
184	16.9100	1.1973
185	16.9100	1.1973
186	16.9110	1.1972
187	16.9120	1.1970
188	16.9120	1.1968
189	16.9120	1.1965
190	16.9130	1.1965
191	16.9130	1.1963
192	16.9140	1.1963
193	16.9140	1.1960
194	16.9140	1.1960
195	16.9140	1.1958
196	16.9140	1.1955
197	16.9140	1.1953
198	16.9130	1.1952
199	16.9130	1.1948
200	16.9130	1.1948
201	16.9120	1.1945
202	16.9120	1.1943
203	16.9110	1.1942
204	16.9110	1.1938
205	16.9100	1.1937
206	16.9090	1.1935
207	16.9080	1.1932
208	16.9070	1.1930
209	16.9060	1.1928
210	16.9060	1.1925
211	16.9040	1.1923
212	16.9030	1.1920
213	16.9020	1.1918
214	16.9010	1.1915
215	16.9000	1.1912
216	16.8980	1.1910
217	16.8970	1.1908
218	16.8950	1.1905
219	16.8940	1.1902
220	16.8920	1.1900
221	16.8900	1.1897
222	16.8890	1.1892
223	16.8870	1.1890
224	16.8850	1.1888
225	16.8830	1.1885
226	16.8810	1.1882
227	16.8800	1.1880
228	16.8780	1.1877
229	16.8750	1.1875
230	16.8730	1.1870
231	16.8710	1.1867
232	16.8690	1.1863
233	16.8670	1.1860
234	16.8640	1.1857
235	16.8620	1.1855
236	16.8600	1.1850
237	16.8570	1.1848
238	16.8550	1.1845
239	16.8520	1.1842
240	16.8500	1.1838
241	16.8470	1.1835
242	16.8440	1.1832
243	16.8420	1.1827
244	16.8390	1.1825
245	16.8360	1.1822
246	16.8330	1.1818
247	16.8300	1.1813
248	16.8280	1.1810
249	16.8250	1.1808
250	16.8220	1.1803
251	16.8190	1.1800
252	16.8160	1.1798
253	16.8130	1.1793
254	16.8100	1.1790
255	16.8060	1.1787
256	16.8030	1.1782
257	16.8000	1.1780
258	16.7970	1.1777
259	16.7930	1.1770
260	16.7900	1.1767
261	16.7870	1.1763
262	16.7830	1.1758
263	16.7800	1.1755
264	16.7760	1.1753
265	16.7730	1.1748
266	16.7700	1.1745
267	16.7660	1.1742
268	16.7620	1.1738
269	16.7590	1.1733
270	16.7550	1.1730
271	16.7520	1.1727
272	16.7480	1.1722
273	16.7440	1.1717
274	16.7400	1.1715
275	16.7370	1.1710
276	16.7330	1.1705
277	16.7290	1.1702
278	16.7250	1.1698
279	16.7210	1.1695
280	16.7180	1.1690
281	16.7140	1.1687
282	16.7100	1.1682
283	16.7060	1.1678
284	16.7020	1.1673
285	16.6980	1.1670
286	16.6940	1.1667
287	16.6900	1.1662
288	16.6860	1.1658
289	16.6820	1.1653
290	16.6780	1.1650
291	16.6740	1.1647
292	16.6700	1.1642
293	16.6660	1.1637
294	16.6620	1.1633
295	16.6580	1.1628
296	16.6530	1.1625
297	16.6490	1.1622
298	16.6450	1.1618
299	16.6410	1.1612
300	16.6370	1.1608
301	16.6330	1.1605
302	16.6280	1.1602
303	16.6240	1.1598
304	16.6200	1.1593
305	16.6160	1.1588
306	16.6120	1.1585
307	16.6070	1.1580
308	16.6030	1.1577
309	16.5990	1.1573
310	16.5940	1.1568
311	16.5900	1.1563
312	16.5860	1.1558
313	16.5820	1.1555
314	16.5770	1.1552
315	16.5730	1.1547
316	16.5690	1.1543
317	16.5640	1.1540
318	16.5600	1.1535
319	16.5560	1.1532
320	16.5520	1.1525
321	16.5470	1.1522
322	16.5430	1.1518
323	16.5390	1.1513
324	16.5340	1.1510
325	16.5300	1.1505
326	16.5260	1.1502
327	16.5210	1.1497
328	16.5170	1.1493
329	16.5130	1.1490
330	16.5080	1.1485
331	16.5040	1.1482
332	16.5000	1.1477
333	16.4950	1.1473
334	16.4910	1.1468
335	16.4870	1.1465
336	16.4820	1.1460
337	16.4780	1.1457
338	16.4740	1.1453
339	16.4690	1.1448
340	16.4650	1.1445
341	16.4610	1.1440
342	16.4560	1.1437
343	16.4520	1.1433
344	16.4480	1.1428
345	16.4430	1.1425
346	16.4390	1.1420
347	16.4350	1.1417
348	16.4300	1.1413
349	16.4260	1.1408
350	16.4220	1.1405
351	16.4180	1.1400
352	16.4130	1.1397
353	16.4090	1.1393
354	16.4050	1.1388
355	16.4000	1.1385
356	16.3960	1.1380
357	16.3920	1.1377
358	16.3880	1.1373
359	16.3830	1.1368
360	16.3790	1.1365
361	16.3750	1.1362
362	16.3700	1.1357
363	16.3660	1.1353
364	16.3620	1.1350
365	16.3580	1.1345
366	16.3540	1.1342
367	16.3490	1.1338
368	16.3450	1.1333
369	16.3410	1.1328
370	16.3370	1.1325
371	16.3330	1.1322
372	16.3280	1.1317
373	16.3240	1.1313
374	16.3200	1.1310
375	16.3160	1.1307
376	16.3120	1.1302
377	16.3080	1.1298
378	16.3030	1.1295
379	16.2990	1.1292
380	16.2950	1.1285
381	16.2910	1.1285
382	16.2870	1.1282
383	16.2830	1.1275
384	16.2790	1.1272
385	16.2740	1.1268
386	16.2700	1.1265
387	16.2660	1.1262
388	16.2620	1.1257
389	16.2580	1.1252
390	16.2540	1.1248
391	16.2500	1.1245
392	16.2460	1.1242
393	16.2420	1.1238
394	16.2380	1.1235
395	16.2340	1.1232
396	16.2300	1.1228
397	16.2260	1.1223
398	16.2220	1.1220
399	16.2180	1.1217
400	16.2140	1.1213
401	16.2100	1.1208
402	16.2060	1.1205
403	16.2020	1.1202
404	16.1980	1.1198
405	16.1940	1.1195
406	16.1900	1.1192
407	16.1860	1.1187
408	16.1820	1.1183
409	16.1780	1.1180
410	16.1740	1.1177
411	16.1700	1.1172
412	16.1670	1.1168
413	16.1630	1.1167
414	16.1590	1.1163
415	16.1550	1.1158
416	16.1510	1.1155
417	16.1470	1.1152
418	16.1440	1.1147
419	16.1400	1.1145
420	16.1360	1.1142
421	16.1320	1.1138
422	16.1280	1.1135
423	16.1250	1.1132
424	16.1210	1.1128
425	16.1170	1.1123
426	16.1130	1.1120
427	16.1100	1.1118
428	16.1060	1.1113
429	16.1020	1.1112
430	16.0980	1.1107
431	16.0950	1.1103
432	16.0910	1.1100
433	16.0870	1.1097
434	16.0840	1.1093
435	16.0800	1.1092
436	16.0760	1.1087
437	16.0730	1.1083
438	16.0690	1.1080
439	16.0650	1.1078
440	16.0620	1.1073
441	16.0580	1.1070
442	16.0540	1.1067
443	16.0510	1.1063
444	16.0470	1.1062
445	16.0440	1.1057
446	16.0400	1.1055
447	16.0360	1.1050
448	16.0330	1.1048
449	16.0290	1.1043
450	16.0260	1.1042
451	16.0220	1.1038
452	16.0190	1.1035
453	16.0150	1.1032
454	16.0120	1.1028
455	16.0080	1.1025
456	16.0050	1.1023
457	16.0010	1.1018
458	15.9980	1.1015
459	15.9940	1.1012
460	15.9910	1.1010
461	15.9880	1.1007
462	15.9840	1.1002
463	15.9810	1.1000
464	15.9770	1.0997
465	15.9740	1.0995
466	15.9700	1.0990
467	15.9670	1.0987
468	15.9640	1.0985
469	15.9600	1.0982
470	15.9570	1.0978
471	15.9540	1.0975
472	15.9500	1.0972
473	15.9470	1.0970
474	15.9440	1.0967
475	15.9400	1.0963
476	15.9370	1.0958
477	15.9340	1.0958
478	15.9310	1.0955
479	15.9270	1.0950
480	15.9240	1.0948
481	15.9210	1.0945
482	15.9180	1.0942
483	15.9140	1.0940
484	15.9110	1.0937
485	15.9080	1.0933
486	15.9050	1.0930
487	15.9020	1.0928
488	15.8980	1.0925
489	15.8950	1.0922
490	15.8920	1.0918
491	15.8890	1.0917
492	15.8860	1.0913
493	15.8830	1.0912
494	15.8800	1.0908
495	15.8770	1.0903
496	15.8740	1.0900
497	15.8700	1.0900
498	15.8670	1.0897
499	15.8640	1.0893
500	15.8610	1.0890
501	15.8580	1.0888
502	15.8550	1.0887
503	15.8520	1.0883
504	15.8490	1.0880
505	15.8460	1.0877
506	15.8430	1.0873
507	15.8400	1.0870
508	15.8370	1.0868
509	15.8340	1.0865
510	15.8310	1.0862
511	15.8280	1.0862
512	15.8250	1.0858
513	15.8220	1.0855
514	15.8200	1.0853
515	15.8170	1.0850
516	15.8140	1.0847
517	15.8110	1.0845
518	15.8080	1.0843
519	15.8050	1.0840
520	15.8020	1.0837
521	15.7990	1.0833
522	15.7960	1.0832
523	15.7940	1.0828
524	15.7910	1.0827
525	15.7880	1.0823
526	15.7850	1.0822
527	15.7820	1.0818
528	15.7800	1.0817
529	15.7770	1.0813
530	15.7740	1.0812
531	15.7710	1.0810
532	15.7690	1.0805
533	15.7660	1.0802
534	15.7630	1.0800
535	15.7600	1.0798
536	15.7580	1.0795
537	15.7550	1.0793
538	15.7520	1.0792
539	15.7500	1.0788
540	15.7470	1.0785
541	15.7440	1.0783
542	15.7420	1.0780
543	15.7390	1.0777
544	15.7360	1.0775
545	15.7340	1.0773
546	15.7310	1.0772
547	15.7290	1.0770
548	15.7260	1.0765
549	15.7230	1.0763
550	15.7210	1.0762
551	15.7180	1.0758
552	15.7160	1.0757
553	15.7130	1.0753
554	15.7110	1.0752
555	15.7080	1.0748
556	15.7060	1.0748
557	15.7030	1.0743
558	15.7000	1.0742
559	15.6980	1.0740
560	15.6960	1.0738
561	15.6930	1.0737
562	15.6910	1.0733
563	15.6880	1.0732
564	15.6860	1.0730
565	15.6830	1.0727
566	15.6810	1.0723
567	15.6780	1.0722
568	15.6760	1.0718
569	15.6740	1.0717
570	15.6710	1.0715
571	15.6690	1.0712
572	15.6660	1.0710
573	15.6640	1.0708
574	15.6620	1.0705
575	15.6590	1.0703
576	15.6570	1.0703
577	15.6550	1.0698
578	15.6520	1.0698
579	15.6500	1.0695
580	15.6480	1.0693
581	15.6460	1.0692
582	15.6430	1.0688
583	15.6410	1.0687
584	15.6390	1.0683
585	15.6360	1.0682
586	15.6340	1.0680
587	15.6320	1.0678
588	15.6300	1.0675
589	15.6280	1.0673
590	15.6250	1.0670
591	15.6230	1.0668
592	15.6210	1.0668
593	15.6190	1.0665
594	15.6160	1.0665
595	15.6140	1.0662
596	15.6120	1.0658
597	15.6100	1.0657
598	15.6080	1.0655
599	15.6060	1.0653
600	15.6040	1.0650
601	15.6020	1.0648
602	15.5990	1.0647
603	15.5970	1.0645
604	15.5950	1.0642
605	15.5930	1.0642
606	15.5910	1.0638
607	15.5890	1.0638
608	15.5870	1.0635
609	15.5850	1.0632
610	15.5830	1.0632
611	15.5810	1.0628
612	15.5790	1.0628
613	15.5770	1.0625
614	15.5750	1.0623
615	15.5730	1.0622
616	15.5710	1.0620
617	15.5690	1.0618
618	15.5670	1.0617
619	15.5650	1.0613
620	15.5630	1.0612
621	15.5610	1.0608
622	15.5590	1.0608
623	15.5570	1.0607
624	15.5560	1.0607
625	15.5540	1.0603
626	15.5520	1.0600
627	15.5500	1.0598
628	15.5480	1.0597
629	15.5460	1.0597
630	15.5440	1.0593
631	15.5420	1.0592
632	15.5410	1.0592
633	15.5390	1.0588
634	15.5370	1.0587
635	15.5350	1.0585
636	15.5330	1.0583
637	15.5320	1.0582
638	15.5300	1.0580
639	15.5280	1.0578
640	15.5260	1.0575
641	15.5250	1.0573
642	15.5230	1.0572
643	15.5210	1.0570
644	15.5190	1.0570
645	15.5180	1.0567
646	15.5160	1.0567
647	15.5140	1.0563
648	15.5130	1.0562
649	15.5110	1.0560
650	15.5090	1.0558
651	15.5080	1.0558
652	15.5060	1.0555
653	15.5040	1.0555
654	15.5030	1.0552
655	15.5010	1.0552
656	15.5000	1.0548
657	15.4980	1.0548
658	15.4960	1.0547
659	15.4950	1.0543
660	15.4930	1.0543
661	15.4920	1.0540
662	15.4900	1.0540
663	15.4890	1.0538
664	15.4870	1.0537
665	15.4860	1.0535
666	15.4840	1.0533
667	15.4830	1.0532
668	15.4810	1.0530
669	15.4800	1.0528
670	15.4780	1.0527
671	15.4770	1.0527
672	15.4750	1.0525
673	15.4740	1.0523
674	15.4720	1.0522
675	15.4710	1.0520
676	15.4700	1.0518
677	15.4680	1.0518
678	15.4670	1.0515
679	15.4650	1.0513
680	15.4640	1.0512
681	15.4630	1.0510
682	15.4610	1.0510
683	15.4600	1.0508
684	15.4580	1.0508
685	15.4570	1.0505
686	15.4560	1.0505
687	15.4540	1.0502
688	15.4530	1.0502
689	15.4520	1.0500
690	15.4510	1.0498
691	15.4490	1.0498
692	15.4480	1.0495
693	15.4470	1.0493
694	15.4460	1.0493
695	15.4440	1.0492
696	15.4430	1.0488
697	15.4420	1.0488
698	15.4400	1.0487
699	15.4390	1.0487
700	15.4380	1.0485
701	15.4370	1.0483
702	15.4360	1.0482
703	15.4340	1.0482
704	15.4330	1.0480
705	15.4320	1.0478
706	15.4310	1.0477
707	15.4300	1.0477
708	15.4290	1.0473
709	15.4280	1.0473
710	15.4260	1.0472
711	15.4250	1.0470
712	15.4240	1.0470
713	15.4230	1.0468
714	15.4220	1.0468
715	15.4210	1.0465
716	15.4200	1.0465
717	15.4190	1.0463
718	15.4180	1.0462
719	15.4160	1.0462
720	15.4150	1.0460
721	15.4140	1.0458
722	15.4130	1.0458
723	15.4120	1.0455
724	15.4110	1.0455
725	15.4100	1.0455
726	15.4090	1.0453
727	15.4080	1.0452
728	15.4070	1.0450
729	15.4060	1.0448
730	15.4050	1.0448
731	15.6880	1.0510
732	15.6870	1.0510
733	15.6860	1.0510
734	15.6850	1.0508
735	15.6840	1.0508
736	15.6830	1.0507
737	15.6820	1.0507
738	15.6810	1.0507
739	15.6800	1.0505
740	15.6790	1.0505
741	15.6780	1.0503
742	15.6770	1.0503
743	15.6760	1.0503
744	15.6750	1.0502
745	15.6740	1.0500
746	15.6730	1.0498
747	15.6720	1.0498
748	15.6710	1.0498
749	15.6700	1.0498
750	15.6700	1.0497
751	15.6680	1.0495
752	15.6680	1.0495
753	15.6670	1.0495
754	15.6660	1.0495
755	15.6650	1.0493
756	15.6640	1.0493
757	15.6630	1.0492
758	15.6620	1.0492
759	15.6610	1.0490
760	15.6600	1.0488
761	15.6590	1.0488
762	15.6580	1.0488
763	15.6570	1.0487
764	15.6560	1.0487
765	15.6550	1.0485
766	15.6540	1.0485
767	15.6530	1.0483
768	15.6520	1.0483
769	15.6510	1.0482
770	15.6500	1.0482
771	15.6500	1.0480
772	15.6490	1.0480
773	15.6480	1.0480
774	15.6470	1.0480
775	15.6460	1.0480
776	15.6450	1.0477
777	15.6440	1.0477
778	15.6430	1.0477
779	15.6420	1.0473
780	15.6410	1.0473
781	15.6400	1.0473
782	15.6390	1.0473
783	15.6380	1.0472
784	15.6380	1.0472
785	15.6370	1.0472
786	15.6360	1.0470
787	15.6350	1.0468
788	15.6340	1.0468
789	15.6330	1.0468
790	15.6320	1.0467
791	15.6310	1.0465
792	15.6300	1.0465
793	15.6290	1.0465
794	15.6280	1.0463
795	15.6280	1.0463
796	15.6270	1.0463
797	15.6260	1.0463
798	15.6250	1.0460
799	15.6240	1.0460
800	15.6230	1.0460
801	15.6220	1.0458
802	15.6210	1.0458
803	15.6200	1.0458
804	15.6190	1.0457
805	15.6180	1.0455
806	15.6180	1.0455
807	15.6170	1.0455
808	15.6160	1.0453
809	15.6150	1.0453
810	15.6140	1.0452
811	15.6130	1.0450
812	15.6120	1.0450
813	15.6120	1.0450
814	15.6110	1.0450
815	15.6100	1.0448
816	15.6090	1.0448
817	15.6080	1.0448
818	15.6070	1.0448
819	15.6060	1.0447
820	15.6050	1.0445
821	15.6040	1.0445
822	15.6040	1.0443
823	15.6030	1.0443
824	15.6020	1.0443
825	15.6010	1.0442
826	15.6000	1.0442
827	15.5990	1.0442
828	15.5980	1.0442
829	15.5980	1.0440
830	15.5970	1.0438
831	15.5960	1.0438
832	15.5950	1.0437
833	15.5940	1.0437
834	15.5930	1.0437
835	15.5920	1.0435
836	15.5920	1.0435
837	15.5910	1.0435
838	15.5900	1.0433
839	15.5890	1.0432
840	15.5880	1.0432
841	15.5870	1.0432
842	15.5860	1.0430
843	15.5860	1.0430
844	15.5850	1.0430
845	15.5840	1.0428
846	15.5830	1.0428
847	15.5820	1.0427
848	15.5810	1.0425
849	15.5800	1.0425
850	15.5800	1.0425
851	15.5790	1.0423
852	15.5780	1.0423
853	15.5770	1.0423
854	15.5760	1.0422
855	15.5750	1.0422
856	15.5740	1.0422
857	15.5740	1.0420
858	15.5730	1.0420
859	15.5720	1.0420
860	15.5710	1.0420
861	15.5700	1.0418
862	15.5700	1.0418
863	15.5690	1.0418
864	15.5680	1.0415
865	15.5670	1.0415
866	15.5660	1.0413
867	15.5650	1.0413
868	15.5640	1.0413
869	15.5640	1.0413
870	15.5630	1.0412
871	15.5620	1.0412
872	15.5610	1.0412
873	15.5600	1.0410
874	15.5600	1.0410
875	15.5590	1.0410
876	15.5580	1.0408
877	15.5570	1.0408
878	15.5560	1.0408
879	15.5550	1.0407
880	15.5540	1.0407
881	15.5540	1.0407
882	15.5530	1.0405
883	15.5520	1.0405
884	15.5510	1.0405
885	15.5500	1.0405
886	15.5500	1.0403
887	15.5490	1.0403
888	15.5480	1.0403
889	15.5470	1.0402
890	15.5460	1.0402
891	15.5460	1.0402
892	15.5450	1.0400
893	15.5440	1.0400
894	15.5430	1.0400
895	15.5420	1.0398
896	15.5410	1.0398
897	15.5410	1.0398
898	15.5400	1.0397
899	15.5390	1.0397
900	15.5380	1.0397
901	15.5370	1.0395
902	15.5370	1.0395
903	15.5360	1.0395
904	15.5350	1.0393
905	15.5340	1.0393
906	15.5330	1.0393
907	15.5320	1.0392
908	15.5320	1.0392
909	15.5310	1.0392
910	15.5300	1.0393
911	15.5290	1.0392
912	15.5280	1.0392
913	15.5280	1.0392
914	15.5270	1.0390
915	15.5260	1.0390
916	15.5250	1.0390
917	15.5240	1.0388
918	15.5240	1.0388
919	15.5230	1.0388
920	15.5220	1.0387
921	15.5210	1.0387
922	15.5200	1.0387
923	15.5200	1.0387
924	15.5190	1.0385
925	15.5180	1.0385
926	15.5170	1.0385
927	15.5160	1.0383
928	15.5160	1.0383
929	15.5150	1.0383
930	15.5140	1.0383
931	15.5130	1.0383
932	15.5120	1.0383
933	15.5120	1.0382
934	15.5110	1.0382
935	15.5100	1.0382
936	15.5090	1.0380
937	15.5090	1.0382
938	15.5080	1.0382
939	15.5070	1.0382
940	15.5060	1.0380
941	15.5050	1.0380
942	15.5050	1.0380
943	15.5040	1.0380
944	15.5030	1.0378
945	15.5020	1.0378
946	15.5020	1.0377
947	15.5010	1.0377
948	15.5000	1.0377
949	15.4990	1.0378
950	15.4980	1.0377
951	15.4980	1.0377
952	15.4970	1.0377
953	15.4960	1.0378
954	15.4950	1.0377
955	15.4940	1.0377
956	15.4940	1.0375
957	15.4930	1.0375
958	15.4920	1.0375
959	15.4910	1.0375
960	15.4910	1.0373
961	15.4900	1.0373
962	15.4890	1.0375
963	15.4880	1.0375
964	15.4880	1.0373
965	15.4870	1.0373
966	15.4860	1.0375
967	15.4850	1.0373
968	15.4840	1.0373
969	15.4840	1.0373
970	15.4830	1.0373
971	15.4820	1.0372
972	15.4810	1.0373
973	15.4810	1.0373
974	15.4800	1.0372
975	15.4790	1.0372
976	15.4780	1.0373
977	15.4780	1.0372
978	15.4770	1.0372
979	15.4760	1.0372
980	15.4750	1.0373
981	15.4740	1.0372
982	15.4740	1.0372
983	15.4730	1.0372
984	15.4720	1.0373
985	15.4720	1.0372
986	15.4710	1.0372
987	15.4700	1.0372
988	15.4690	1.0372
989	15.4680	1.0372
990	15.4680	1.0372
991	15.4670	1.0372
992	15.4660	1.0372
993	15.4660	1.0372
994	15.4650	1.0372
995	15.4640	1.0373
996	15.4630	1.0372
997	15.4630	1.0372
998	15.4620	1.0372
999	15.4610	1.0373
1000	15.4600	1.0372
1001	15.4600	1.0372
1002	15.4590	1.0373
1003	15.4580	1.0372
1004	15.4580	1.0373
1005	15.4570	1.0373
1006	15.4560	1.0373
1007	15.4550	1.0372
1008	15.4550	1.0373
1009	15.4540	1.0373
1010	15.4530	1.0375
1011	15.4520	1.0373
1012	15.4520	1.0373
1013	15.4510	1.0375
1014	15.4500	1.0373
1015	15.4500	1.0373
1016	15.4490	1.0375
1017	15.4480	1.0373
1018	15.4470	1.0375
1019	15.4470	1.0375
1020	15.4460	1.0375
1021	15.4450	1.0377
1022	15.4450	1.0375
1023	15.4440	1.0377
1024	15.4430	1.0377
1025	15.4420	1.0377
1026	15.4420	1.0377
1027	15.4410	1.0377
1028	15.4400	1.0378
1029	15.4400	1.0377
1030	15.4390	1.0378
1031	15.4380	1.0378
1032	15.4380	1.0380
1033	15.4370	1.0378
1034	15.4360	1.0378
1035	15.4360	1.0380
1036	15.4350	1.0382
1037	15.4340	1.0380
1038	15.4340	1.0380
1039	15.4330	1.0382
1040	15.4320	1.0382
1041	15.4320	1.0382
1042	15.4310	1.0383
1043	15.4300	1.0383
1044	15.4290	1.0383
1045	15.4290	1.0383
1046	15.4280	1.0385
1047	15.4270	1.0385
1048	15.4270	1.0387
1049	15.4260	1.0385
1050	15.4250	1.0385
1051	15.4250	1.0387
1052	15.4240	1.0388
1053	15.4230	1.0387
1054	15.4230	1.0388
1055	15.4220	1.0388
1056	15.4220	1.0390
1057	15.4210	1.0390
1058	15.4200	1.0392
1059	15.4200	1.0392
1060	15.4190	1.0390
1061	15.4180	1.0392
1062	15.4180	1.0393
1063	15.4170	1.0393
1064	15.4160	1.0393
1065	15.4160	1.0393
1066	15.4150	1.0395
1067	15.4140	1.0397
1068	15.4140	1.0398
1069	15.4130	1.0397
1070	15.4120	1.0398
1071	15.4120	1.0398
1072	15.4110	1.0400
1073	15.4110	1.0400
1074	15.4100	1.0400
1075	15.4090	1.0402
1076	15.4090	1.0403
1077	15.4080	1.0403
1078	15.4080	1.0403
1079	15.4070	1.0405
1080	15.4060	1.0403
1081	15.4060	1.0405
1082	15.4050	1.0407
1083	15.4040	1.0408
1084	15.4040	1.0408
1085	15.4030	1.0408
1086	15.4030	1.0410
1087	15.4020	1.0412
1088	15.4010	1.0412
1089	15.4010	1.0412
1090	15.4000	1.0413
1091	15.4000	1.0415
1092	15.3990	1.0415
1093	15.3980	1.0415
1094	15.3980	1.0417
1095	15.3970	1.0418
1096	15.3970	1.0418
1097	15.3960	1.0420
1098	15.3950	1.0420
1099	15.3950	1.0422
1100	15.3940	1.0423
1101	15.3940	1.0423
1102	15.3930	1.0423
1103	15.3920	1.0425
1104	15.3920	1.0427
1105	15.3910	1.0425
1106	15.3910	1.0427
1107	15.3900	1.0428
1108	15.3900	1.0430
1109	15.3890	1.0432
1110	15.3880	1.0432
1111	15.3880	1.0433
1112	15.3870	1.0433
1113	15.3870	1.0435
1114	15.3860	1.0435
1115	15.3860	1.0437
1116	15.3850	1.0438
1117	15.3850	1.0440
1118	15.3840	1.0442
1119	15.3840	1.0442
1120	15.3830	1.0442
1121	15.3820	1.0445
1122	15.3820	1.0447
1123	15.3810	1.0445
1124	15.3810	1.0447
1125	15.3800	1.0448
1126	15.3800	1.0450
1127	15.3790	1.0452
1128	15.3790	1.0452
1129	15.3780	1.0453
1130	15.3780	1.0455
1131	15.3770	1.0457
1132	15.3760	1.0457
1133	15.3760	1.0458
1134	15.3750	1.0460
1135	15.3750	1.0462
1136	15.3740	1.0462
1137	15.3740	1.0463
1138	15.3730	1.0465
1139	15.3730	1.0467
1140	15.3720	1.0468
1141	15.3720	1.0470
1142	15.3710	1.0470
1143	15.3710	1.0472
1144	15.3700	1.0473
1145	15.3700	1.0475
1146	15.3690	1.0475
1147	15.3690	1.0477
1148	15.3680	1.0478
1149	15.3680	1.0480
1150	15.3670	1.0480
1151	15.3670	1.0482
1152	15.3660	1.0483
1153	15.3660	1.0485
1154	15.3650	1.0485
1155	15.3650	1.0487
1156	15.3640	1.0490
1157	15.3640	1.0490
1158	15.3630	1.0493
1159	15.3630	1.0493
1160	15.3620	1.0495
1161	15.3620	1.0497
1162	15.3610	1.0498
1163	15.3610	1.0500
1164	15.3600	1.0500
1165	15.3600	1.0503
1166	15.3590	1.0505
1167	15.3590	1.0507
1168	15.3580	1.0507
1169	15.3580	1.0508
1170	15.3570	1.0510
1171	15.3570	1.0512
1172	15.3560	1.0513
1173	15.3560	1.0513
1174	15.3550	1.0517
1175	15.3550	1.0518
1176	15.3540	1.0520
1177	15.3540	1.0520
1178	15.3540	1.0522
1179	15.3530	1.0523
1180	15.3520	1.0527
1181	15.3520	1.0528
1182	15.3520	1.0530
1183	15.3510	1.0530
1184	15.3510	1.0532
1185	15.3500	1.0535
1186	15.3500	1.0537
1187	15.3490	1.0538
1188	15.3490	1.0538
1189	15.3480	1.0542
1190	15.3480	1.0543
1191	15.3480	1.0545
1192	15.3470	1.0547
1193	15.3460	1.0547
1194	15.3460	1.0550
1195	15.3460	1.0552
1196	15.3450	1.0553
1197	15.3450	1.0555
1198	15.3440	1.0557
1199	15.3440	1.0558
1200	15.3430	1.0560
1201	15.3430	1.0562
1202	15.3420	1.0565
1203	15.3420	1.0565
1204	15.3420	1.0567
1205	15.3410	1.0570
1206	15.3410	1.0570
1207	15.3400	1.0572
1208	15.3400	1.0575
1209	15.3400	1.0577
1210	15.3390	1.0578
1211	15.3390	1.0580
1212	15.3380	1.0580
1213	15.3380	1.0583
1214	15.3370	1.0585
1215	15.3370	1.0587
1216	15.3360	1.0590
1217	15.3360	1.0590
1218	15.3360	1.0592
1219	15.3350	1.0595
1220	15.3350	1.0597
1221	15.3340	1.0600
1222	15.3340	1.0600
1223	15.3340	1.0602
1224	15.3330	1.0605
1225	15.3330	1.0607
1226	15.3320	1.0608
1227	15.3320	1.0610
1228	15.3310	1.0612
1229	15.3310	1.0613
1230	15.3310	1.0617
1231	15.3300	1.0618
1232	15.3300	1.0620
1233	15.3290	1.0620
1234	15.3290	1.0623
1235	15.3280	1.0625
1236	15.3280	1.0628
1237	15.3280	1.0628
1238	15.3270	1.0630
1239	15.3270	1.0633
1240	15.3260	1.0635
1241	15.3260	1.0638
1242	15.3260	1.0638
1243	15.3250	1.0640
1244	15.3250	1.0643
1245	15.3240	1.0645
1246	15.3240	1.0647
1247	15.3240	1.0648
1248	15.3230	1.0650
1249	15.3230	1.0653
1250	15.3220	1.0657
1251	15.3220	1.0658
1252	15.3220	1.0658
1253	15.3210	1.0662
1254	15.3210	1.0663
1255	15.3200	1.0667
1256	15.3200	1.0668
1257	15.3200	1.0668
1258	15.3190	1.0672
1259	15.3190	1.0673
1260	15.3180	1.0677
1261	15.3180	1.0678
1262	15.3180	1.0682
1263	15.3170	1.0682
1264	15.3170	1.0683
1265	15.3170	1.0687
1266	15.3160	1.0688
1267	15.3160	1.0692
1268	15.3160	1.0692
1269	15.3150	1.0695
1270	15.3150	1.0697
1271	15.3140	1.0698
1272	15.3140	1.0700
1273	15.3140	1.0702
1274	15.3130	1.0705
1275	15.3130	1.0707
1276	15.3120	1.0710
1277	15.3120	1.0713
1278	15.3120	1.0715
1279	15.3110	1.0715
1280	15.3110	1.0718
1281	15.3110	1.0720
1282	15.3100	1.0723
1283	15.3100	1.0723
1284	15.3100	1.0727
1285	15.3090	1.0728
1286	15.3090	1.0732
1287	15.3080	1.0735
1288	15.3080	1.0737
1289	15.3080	1.0737
1290	15.3070	1.0740
1291	15.3070	1.0742
1292	15.3070	1.0745
1293	15.3060	1.0745
1294	15.3060	1.0748
1295	15.3060	1.0750
1296	15.3050	1.0753
1297	15.3050	1.0757
1298	15.3040	1.0757
1299	15.3040	1.0760
1300	15.3040	1.0762
1301	15.3030	1.0765
1302	15.3030	1.0767
1303	15.3030	1.0768
1304	15.3020	1.0770
1305	15.3020	1.0773
1306	15.3020	1.0775
1307	15.3010	1.0777
1308	15.3010	1.0778
1309	15.3010	1.0782
1310	15.3000	1.0783
1311	15.3000	1.0787
1312	15.3000	1.0790
1313	15.2990	1.0790
1314	15.2990	1.0793
1315	15.2980	1.0795
1316	15.2980	1.0798
1317	15.2980	1.0800
1318	15.2980	1.0802
1319	15.2970	1.0805
1320	15.2970	1.0807
1321	15.2960	1.0810
1322	15.2960	1.0813
1323	15.2960	1.0813
1324	15.2960	1.0815
1325	15.2950	1.0818
1326	15.2950	1.0820
1327	15.2940	1.0822
1328	15.2940	1.0825
1329	15.2940	1.0827
1330	15.2940	1.0830
1331	15.2930	1.0830
1332	15.2930	1.0833
1333	15.2920	1.0835
1334	15.2920	1.0838
1335	15.2920	1.0842
1336	15.2920	1.0842
1337	15.2910	1.0845
1338	15.2910	1.0847
1339	15.2910	1.0850
1340	15.2900	1.0853
1341	15.2900	1.0853
1342	15.2900	1.0857
1343	15.2890	1.0860
1344	15.2890	1.0862
1345	15.2890	1.0863
1346	15.2880	1.0865
1347	15.2880	1.0868
1348	15.2880	1.0872
1349	15.2880	1.0873
1350	15.2870	1.0875
1351	15.2870	1.0878
1352	15.2870	1.0880
1353	15.2860	1.0883
1354	15.2860	1.0883
1355	15.2860	1.0887
1356	15.2850	1.0888
1357	15.2850	1.0890
1358	15.2850	1.0893
1359	15.2840	1.0895
1360	15.2840	1.0898
1361	15.2840	1.0900
1362	15.2840	1.0902
1363	15.2830	1.0905
1364	15.2830	1.0907
1365	15.2830	1.0910
1366	15.2820	1.0912
1367	15.2820	1.0913
1368	15.2820	1.0917
1369	15.2820	1.0920
1370	15.2810	1.0920
1371	15.2810	1.0923
1372	15.2810	1.0927
1373	15.2800	1.0928
1374	15.2800	1.0930
1375	15.2800	1.0933
1376	15.2800	1.0935
1377	15.2790	1.0938
1378	15.2790	1.0938
1379	15.2790	1.0942
1380	15.2780	1.0945
1381	15.2780	1.0945
1382	15.2780	1.0948
1383	15.2780	1.0950
1384	15.2770	1.0953
1385	15.2770	1.0955
1386	15.2770	1.0957
1387	15.2770	1.0960
1388	15.2760	1.0963
1389	15.2760	1.0963
1390	15.2760	1.0967
1391	15.2760	1.0970
1392	15.2750	1.0970
1393	15.2750	1.0973
1394	15.2750	1.0977
1395	15.2740	1.0978
1396	15.2740	1.0980
1397	15.2740	1.0983
1398	15.2740	1.0985
1399	15.2740	1.0988
1400	15.2730	1.0988
1401	15.2730	1.0992
1402	15.2730	1.0995
1403	15.2720	1.0997
1404	15.2720	1.0998
1405	15.2720	1.1002
1406	15.2720	1.1003
1407	15.2720	1.1005
1408	15.2710	1.1008
1409	15.2710	1.1012
1410	15.2710	1.1012
1411	15.2700	1.1015
1412	15.2700	1.1018
1413	15.2700	1.1020
1414	15.2700	1.1022
1415	15.2700	1.1025
1416	15.2690	1.1025
1417	15.2690	1.1028
1418	15.2690	1.1032
1419	15.2690	1.1032
1420	15.2680	1.1035
1421	15.2680	1.1038
1422	15.2680	1.1042
1423	15.2680	1.1042
1424	15.2680	1.1045
1425	15.2670	1.1048
1426	15.2670	1.1050
1427	15.2670	1.1052
1428	15.2670	1.1055
1429	15.2660	1.1057
1430	15.2660	1.1058
1431	15.2660	1.1062
1432	15.2660	1.1062
1433	15.2660	1.1065
1434	15.2650	1.1068
1435	15.2650	1.1070
1436	15.2650	1.1072
1437	15.2650	1.1075
1438	15.2650	1.1077
1439	15.2640	1.1080
1440	15.2640	1.1083
1441	15.2640	1.1083
1442	15.2640	1.1087
1443	15.2640	1.1090
1444	15.2630	1.1092
1445	15.2630	1.1093
1446	15.2630	1.1097
1447	15.2630	1.1097
1448	15.2630	1.1100
1449	15.2620	1.1103
1450	15.2620	1.1105
1451	15.2620	1.1107
1452	15.2620	1.1110
1453	15.2620	1.1112
1454	15.2620	1.1115
1455	15.2610	1.1118
1456	15.2610	1.1118
1457	15.2610	1.1122
1458	15.2610	1.1125
1459	15.2610	1.1127
1460	15.2600	1.1130
1461	15.2600	1.1130
1462	15.2600	1.1133
1463	15.2600	1.1135
1464	15.2600	1.1137
1465	15.2600	1.1140
1466	15.2590	1.1143
1467	15.2590	1.1145
1468	15.2590	1.1148
1469	15.2590	1.1150
1470	15.2590	1.1152
1471	15.2590	1.1155
1472	15.2580	1.1158
1473	15.2580	1.1160
1474	15.2580	1.1162
1475	15.2580	1.1163
1476	15.2580	1.1167
1477	15.2580	1.1170
1478	15.2580	1.1170
1479	15.2570	1.1173
1480	15.2570	1.1175
1481	15.2570	1.1178
1482	15.2570	1.1180
1483	15.2570	1.1182
1484	15.2570	1.1185
1485	15.2560	1.1188
1486	15.2560	1.1190
1487	15.2560	1.1193
1488	15.2560	1.1195
1489	15.2560	1.1197
1490	15.2560	1.1200
1491	15.2560	1.1202
1492	15.2560	1.1205
1493	15.2550	1.1208
1494	15.2550	1.1208
1495	15.2550	1.1212
1496	15.2550	1.1213
1497	15.2550	1.1217
1498	15.2550	1.1218
1499	15.2550	1.1220
1500	15.2540	1.1223
1501	15.2540	1.1225
1502	15.2540	1.1228
1503	15.2540	1.1230
1504	15.2540	1.1233
1505	15.2540	1.1237
1506	15.2540	1.1237
1507	15.2540	1.1240
1508	15.2540	1.1243
1509	15.2540	1.1245
1510	15.2530	1.1247
1511	15.2530	1.1248
1512	15.2530	1.1252
1513	15.2530	1.1253
1514	15.2530	1.1257
1515	15.2530	1.1258
1516	15.2530	1.1262
1517	15.2530	1.1265
1518	15.2530	1.1267
1519	15.2520	1.1270
1520	15.2520	1.1272
1521	15.2520	1.1273
1522	15.2520	1.1277
1523	15.2520	1.1278
1524	15.2520	1.1282
1525	15.2520	1.1283
1526	15.2520	1.1285
1527	15.2520	1.1287
1528	15.2520	1.1290
1529	15.2520	1.1292
1530	15.2520	1.1295
1531	15.2520	1.1298
1532	15.2520	1.1300
1533	15.2510	1.1303
1534	15.2510	1.1305
1535	15.2510	1.1308
1536	15.2510	1.1310
1537	15.2510	1.1313
1538	15.2510	1.1317
1539	15.2510	1.1318
1540	15.2510	1.1318
1541	15.2510	1.1322
1542	15.2510	1.1325
1543	15.2510	1.1327
1544	15.2510	1.1330
1545	15.2510	1.1332
1546	15.2510	1.1335
1547	15.2510	1.1337
1548	15.2500	1.1340
1549	15.2500	1.1342
1550	15.2500	1.1343
1551	15.2500	1.1348
1552	15.2500	1.1348
1553	15.2500	1.1350
1554	15.2500	1.1353
1555	15.2500	1.1355
1556	15.2500	1.1358
1557	15.2500	1.1362
1558	15.2500	1.1363
1559	15.2500	1.1367
1560	15.2500	1.1368
1561	15.2500	1.1372
1562	15.2500	1.1373
1563	15.2500	1.1377
1564	15.2500	1.1378
1565	15.2500	1.1380
1566	15.2500	1.1382
1567	15.2500	1.1385
1568	15.2500	1.1387
1569	15.2500	1.1390
1570	15.2500	1.1392
1571	15.2500	1.1395
1572	15.2500	1.1397
1573	15.2500	1.1400
1574	15.2500	1.1402
1575	15.2500	1.1405
1576	15.2500	1.1407
1577	15.2500	1.1410
1578	15.2500	1.1412
1579	15.2500	1.1415
1580	15.2500	1.1417
1581	15.2500	1.1420
1582	15.2500	1.1422
1583	15.2500	1.1425
1584	15.2500	1.1427
1585	15.2500	1.1428
1586	15.2500	1.1430
1587	15.2500	1.1433
1588	15.2500	1.1435
1589	15.2500	1.1438
1590	15.2500	1.1440
1591	15.2500	1.1443
1592	15.2500	1.1447
1593	15.2500	1.1447
1594	15.2500	1.1450
1595	15.2500	1.1452
1596	15.2500	1.1455
1597	15.2500	1.1457
1598	15.2500	1.1460
1599	15.2500	1.1462
1600	15.2500	1.1465
1601	15.2500	1.1467
1602	15.2500	1.1470
1603	15.2500	1.1472
1604	15.2500	1.1475
1605	15.2500	1.1477
1606	15.2500	1.1480
1607	15.2500	1.1482
1608	15.2500	1.1483
1609	15.2500	1.1487
1610	15.2500	1.1488
1611	15.2500	1.1492
1612	15.2500	1.1493
1613	15.2500	1.1497
1614	15.2500	1.1498
1615	15.2500	1.1500
1616	15.2500	1.1503
1617	15.2500	1.1505
1618	15.2500	1.1508
1619	15.2500	1.1510
1620	15.2500	1.1513
1621	15.2500	1.1515
1622	15.2510	1.1518
1623	15.2510	1.1520
1624	15.2510	1.1522
1625	15.2510	1.1525
1626	15.2510	1.1527
1627	15.2510	1.1530
1628	15.2510	1.1532
1629	15.2510	1.1535
1630	15.2510	1.1537
1631	15.2510	1.1538
1632	15.2510	1.1542
1633	15.2510	1.1543
1634	15.2510	1.1547
1635	15.2510	1.1548
1636	15.2510	1.1550
1637	15.2510	1.1553
1638	15.2520	1.1555
1639	15.2520	1.1558
1640	15.2520	1.1560
1641	15.2520	1.1562
1642	15.2520	1.1565
1643	15.2520	1.1567
1644	15.2520	1.1570
1645	15.2520	1.1572
1646	15.2520	1.1573
1647	15.2520	1.1577
1648	15.2520	1.1578
1649	15.2520	1.1580
1650	15.2520	1.1583
1651	15.2520	1.1585
1652	15.2520	1.1588
1653	15.2520	1.1590
1654	15.2530	1.1592
1655	15.2530	1.1595
1656	15.2530	1.1597
1657	15.2530	1.1600
1658	15.2530	1.1602
1659	15.2530	1.1603
1660	15.2530	1.1607
1661	15.2530	1.1608
1662	15.2530	1.1610
1663	15.2530	1.1613
1664	15.2530	1.1613
1665	15.2540	1.1618
1666	15.2540	1.1620
1667	15.2540	1.1622
1668	15.2540	1.1625
1669	15.2540	1.1627
1670	15.2540	1.1628
1671	15.2540	1.1632
1672	15.2540	1.1633
1673	15.2540	1.1637
1674	15.2540	1.1637
1675	15.2540	1.1638
1676	15.2540	1.1643
1677	15.2550	1.1645
1678	15.2550	1.1645
1679	15.2550	1.1650
1680	15.2550	1.1652
1681	15.2550	1.1652
1682	15.2550	1.1657
1683	15.2550	1.1658
1684	15.2550	1.1658
1685	15.2550	1.1663
1686	15.2560	1.1665
1687	15.2560	1.1665
1688	15.2560	1.1668
1689	15.2560	1.1672
1690	15.2560	1.1672
1691	15.2560	1.1675
1692	15.2560	1.1677
1693	15.2560	1.1678
1694	15.2560	1.1683
1695	15.2560	1.1683
1696	15.2570	1.1685
1697	15.2570	1.1690
1698	15.2570	1.1690
1699	15.2570	1.1692
1700	15.2570	1.1695
1701	15.2570	1.1697
1702	15.2570	1.1698
1703	15.2570	1.1702
1704	15.2580	1.1703
1705	15.2580	1.1705
1706	15.2580	1.1708
1707	15.2580	1.1710
1708	15.2580	1.1712
1709	15.2580	1.1715
1710	15.2580	1.1717
1711	15.2580	1.1718
1712	15.2580	1.1722
1713	15.2580	1.1723
1714	15.2590	1.1725
1715	15.2590	1.1727
1716	15.2590	1.1730
1717	15.2590	1.1730
1718	15.2590	1.1733
1719	15.2590	1.1737
1720	15.2590	1.1737
1721	15.2600	1.1740
1722	15.2600	1.1740
1723	15.2600	1.1745
1724	15.2600	1.1745
1725	15.2600	1.1747
1726	15.2600	1.1750
1727	15.2600	1.1752
1728	15.2600	1.1753
1729	15.2600	1.1757
1730	15.2610	1.1758
1731	15.2610	1.1760
1732	15.2610	1.1762
1733	15.2610	1.1765
1734	15.2610	1.1767
1735	15.2610	1.1768
1736	15.2610	1.1768
1737	15.2620	1.1773
1738	15.2620	1.1773
1739	15.2620	1.1775
1740	15.2620	1.1777
1741	15.2620	1.1780
1742	15.2620	1.1782
1743	15.2620	1.1783
1744	15.2620	1.1787
1745	15.2620	1.1788
1746	15.2630	1.1790
1747	15.2630	1.1792
1748	15.2630	1.1795
1749	15.2630	1.1797
1750	15.2630	1.1798
1751	15.2630	1.1798
1752	15.2640	1.1803
1753	15.2640	1.1803
1754	15.2640	1.1805
1755	15.2640	1.1807
1756	15.2640	1.1810
1757	15.2640	1.1812
1758	15.2640	1.1813
1759	15.2640	1.1817
1760	15.2650	1.1818
1761	15.2650	1.1820
1762	15.2650	1.1822
1763	15.2650	1.1825
1764	15.2650	1.1825
1765	15.2650	1.1827
1766	15.2650	1.1828
1767	15.2660	1.1830
1768	15.2660	1.1833
1769	15.2660	1.1835
1770	15.2660	1.1837
1771	15.2660	1.1838
1772	15.2660	1.1842
1773	15.2660	1.1843
1774	15.2660	1.1845
1775	15.2670	1.1845
1776	15.2670	1.1848
1777	15.2670	1.1850
1778	15.2670	1.1852
1779	15.2670	1.1853
1780	15.2670	1.1855
1781	15.2680	1.1858
1782	15.2680	1.1860
1783	15.2680	1.1862
1784	15.2680	1.1862
1785	15.2680	1.1865
1786	15.2680	1.1867
1787	15.2680	1.1868
1788	15.2690	1.1870
1789	15.2690	1.1872
1790	15.2690	1.1875
1791	15.2690	1.1877
1792	15.2690	1.1877
1793	15.2690	1.1878
1794	15.2700	1.1882
1795	15.2700	1.1883
1796	15.2700	1.1885
1797	15.2700	1.1887
1798	15.2700	1.1888
1799	15.2700	1.1888
1800	15.2700	1.1893
1801	15.2710	1.1893
1802	15.2710	1.1895
1803	15.2710	1.1898
1804	15.2710	1.1900
1805	15.2710	1.1902
1806	15.2710	1.1903
1807	15.2720	1.1905
1808	15.2720	1.1907
1809	15.2720	1.1907
1810	15.2720	1.1910
1811	15.2720	1.1912
1812	15.2720	1.1913
1813	15.2720	1.1915
1814	15.2730	1.1918
1815	15.2730	1.1920
1816	15.2730	1.1920
1817	15.2730	1.1922
1818	15.2730	1.1923
1819	15.2740	1.1925
1820	15.2740	1.1928
1821	15.2740	1.1930
1822	15.2740	1.1932
1823	15.2740	1.1933
1824	15.2740	1.1933
1825	15.2740	1.1935
1826	15.2750	1.1938
1827	15.2750	1.1940
1828	15.2750	1.1942
1829	15.2750	1.1943
1830	15.2750	1.1947
1831	15.2760	1.1947
1832	15.2760	1.1948
1833	15.2760	1.1950
1834	15.2760	1.1952
1835	15.2760	1.1953
1836	15.2760	1.1957
1837	15.2760	1.1957
1838	15.2770	1.1958
1839	15.2770	1.1960
1840	15.2770	1.1962
1841	15.2770	1.1963
1842	15.2770	1.1967
1843	15.2780	1.1968
1844	15.2780	1.1970
1845	15.2780	1.1970
1846	15.2780	1.1972
1847	15.2780	1.1973
1848	15.2780	1.1977
1849	15.2780	1.1978
1850	15.2790	1.1980
1851	15.2790	1.1980
1852	15.2790	1.1982
1853	15.2790	1.1985
1854	15.2790	1.1987
1855	15.2800	1.1988
1856	15.2800	1.1990

