Day	P50	StdDev
0	13.3360	1.2461
1	13.3180	1.2534
2	13.3010	1.2609
3	13.2830	1.2687
4	13.2650	1.2768
5	13.2470	1.2852
6	13.2290	1.2940
7	13.2110	1.3030
8	13.2460	1.3039
9	13.2800	1.3045
10	13.3140	1.3052
11	13.3480	1.3060
12	13.3820	1.3067
13	13.4160	1.3073
14	13.4500	1.3082
15	13.5170	1.3127
16	13.5870	1.3176
17	13.6600	1.3230
18	13.7320	1.3283
19	13.8060	1.3337
20	13.8780	1.3393
21	13.9500	1.3446
22	14.0220	1.3502
23	14.0920	1.3554
24	14.1600	1.3607
25	14.2280	1.3659
26	14.2940	1.3710
27	14.3580	1.3760
28	14.4210	1.3809
29	14.4820	1.3856
30	14.5420	1.3903
31	14.6000	1.3948
32	14.6570	1.3989
33	14.7110	1.4032
34	14.7640	1.4073
35	14.8160	1.4114
36	14.8660	1.4152
37	14.9140	1.4189
38	14.9610	1.4223
39	15.0070	1.4258
40	15.0520	1.4290
41	15.0960	1.4324
42	15.1380	1.4356
43	15.1790	1.4386
44	15.2200	1.4418
45	15.2590	1.4446
46	15.2970	1.4476
47	15.3350	1.4502
48	15.3710	1.4528
49	15.4060	1.4556
50	15.4410	1.4582
51	15.4740	1.4605
52	15.5070	1.4629
53	15.5390	1.4655
54	15.5710	1.4674
55	15.6010	1.4697
56	15.6310	1.4719
57	15.6600	1.4740
58	15.6890	1.4760
59	15.7170	1.4781
60	15.7440	1.4798
61	15.7710	1.4820
62	15.7980	1.4837
63	15.8230	1.4854
64	15.8480	1.4873
65	15.8730	1.4891
66	15.8970	1.4906
67	15.9200	1.4921
68	15.9430	1.4938
69	15.9660	1.4955
70	15.9870	1.4970
71	16.0090	1.4985
72	16.0300	1.4998
73	16.0500	1.5011
74	16.0700	1.5026
75	16.0900	1.5039
76	16.1090	1.5049
77	16.1280	1.5062
78	16.1460	1.5073
79	16.1640	1.5086
80	16.1820	1.5099
81	16.1990	1.5107
82	16.2160	1.5120
83	16.2320	1.5129
84	16.2480	1.5142
85	16.2640	1.5150
86	16.2800	1.5161
87	16.2950	1.5170
88	16.3100	1.5178
89	16.3250	1.5191
90	16.3390	1.5197
91	16.3530	1.5206
92	16.3670	1.5215
93	16.3800	1.5223
94	16.3940	1.5230
95	16.4060	1.5238
96	16.4190	1.5247
97	16.4320	1.5253
98	16.4440	1.5260
99	16.4560	1.5268
100	16.4670	1.5275
101	16.4790	1.5281
102	16.4900	1.5288
103	16.5010	1.5292
104	16.5120	1.5300
105	16.5220	1.5305
106	16.5320	1.5309
107	16.5430	1.5315
108	16.5520	1.5322
109	16.5620	1.5326
110	16.5720	1.5333
111	16.5810	1.5337
112	16.5900	1.5341
113	16.5990	1.5345
114	16.6080	1.5350
115	16.6160	1.5352
116	16.6250	1.5358
117	16.6330	1.5363
118	16.6410	1.5367
119	16.6490	1.5367
120	16.6570	1.5373
121	16.6650	1.5378
122	16.6720	1.5380
123	16.6800	1.5384
124	16.6870	1.5388
125	16.6940	1.5388
126	16.7010	1.5393
127	16.7080	1.5395
128	16.7140	1.5399
129	16.7210	1.5401
130	16.7270	1.5406
131	16.7340	1.5406
132	16.7400	1.5410
133	16.7460	1.5412
134	16.7520	1.5412
135	16.7580	1.5416
136	16.7630	1.5416
137	16.7690	1.5418
138	16.7740	1.5421
139	16.7800	1.5425
140	16.7850	1.5425
141	16.7900	1.5427
142	16.7950	1.5427
143	16.8000	1.5429
144	16.8040	1.5431
145	16.8090	1.5431
146	16.8130	1.5433
147	16.8180	1.5433
148	16.8220	1.5433
149	16.8260	1.5436
150	16.8300	1.5436
151	16.8340	1.5438
152	16.8380	1.5436
153	16.8420	1.5438
154	16.8450	1.5440
155	16.8490	1.5440
156	16.8520	1.5440
157	16.8550	1.5440
158	16.8590	1.5438
159	16.8620	1.5438
160	16.8650	1.5440
161	16.8680	1.5438
162	16.8700	1.5440
163	16.8730	1.5438
164	16.8760	1.5438
165	16.8780	1.5438
166	16.8810	1.5436
167	16.8830	1.5436
168	16.8850	1.5436
169	16.8880	1.5433
170	16.8900	1.5436
171	16.8920	1.5436
172	16.8940	1.5433
173	16.8950	1.5433
174	16.8970	1.5431
175	16.8990	1.5431
176	16.9000	1.5429
177	16.9020	1.5427
178	16.9030	1.5427
179	16.9040	1.5427
180	16.9060	1.5425
181	16.9070	1.5423
182	16.9080	1.5421
183	16.9090	1.5418
184	16.9100	1.5416
185	16.9100	1.5416
186	16.9110	1.5414
187	16.9120	1.5412
188	16.9120	1.5410
189	16.9120	1.5406
190	16.9130	1.5406
191	16.9130	1.5403
192	16.9140	1.5403
193	16.9140	1.5399
194	16.9140	1.5399
195	16.9140	1.5397
196	16.9140	1.5393
197	16.9140	1.5391
198	16.9130	1.5388
199	16.9130	1.5384
200	16.9130	1.5384
201	16.9120	1.5380
202	16.9120	1.5378
203	16.9110	1.5376
204	16.9110	1.5371
205	16.9100	1.5369
206	16.9090	1.5367
207	16.9080	1.5363
208	16.9070	1.5361
209	16.9060	1.5358
210	16.9060	1.5354
211	16.9040	1.5352
212	16.9030	1.5348
213	16.9020	1.5345
214	16.9010	1.5341
215	16.9000	1.5337
216	16.8980	1.5335
217	16.8970	1.5333
218	16.8950	1.5328
219	16.8940	1.5324
220	16.8920	1.5322
221	16.8900	1.5318
222	16.8890	1.5311
223	16.8870	1.5309
224	16.8850	1.5307
225	16.8830	1.5303
226	16.8810	1.5298
227	16.8800	1.5296
228	16.8780	1.5292
229	16.8750	1.5290
230	16.8730	1.5283
231	16.8710	1.5279
232	16.8690	1.5275
233	16.8670	1.5270
234	16.8640	1.5266
235	16.8620	1.5264
236	16.8600	1.5258
237	16.8570	1.5255
238	16.8550	1.5251
239	16.8520	1.5247
240	16.8500	1.5242
241	16.8470	1.5238
242	16.8440	1.5234
243	16.8420	1.5227
244	16.8390	1.5225
245	16.8360	1.5221
246	16.8330	1.5217
247	16.8300	1.5210
248	16.8280	1.5206
249	16.8250	1.5204
250	16.8220	1.5197
251	16.8190	1.5193
252	16.8160	1.5191
253	16.8130	1.5185
254	16.8100	1.5180
255	16.8060	1.5176
256	16.8030	1.5170
257	16.8000	1.5167
258	16.7970	1.5163
259	16.7930	1.5155
260	16.7900	1.5150
261	16.7870	1.5146
262	16.7830	1.5139
263	16.7800	1.5135
264	16.7760	1.5133
265	16.7730	1.5127
266	16.7700	1.5122
267	16.7660	1.5118
268	16.7620	1.5114
269	16.7590	1.5107
270	16.7550	1.5103
271	16.7520	1.5099
272	16.7480	1.5092
273	16.7440	1.5086
274	16.7400	1.5084
275	16.7370	1.5077
276	16.7330	1.5071
277	16.7290	1.5067
278	16.7250	1.5062
279	16.7210	1.5058
280	16.7180	1.5052
281	16.7140	1.5047
282	16.7100	1.5041
283	16.7060	1.5036
284	16.7020	1.5030
285	16.6980	1.5026
286	16.6940	1.5021
287	16.6900	1.5015
288	16.6860	1.5011
289	16.6820	1.5004
290	16.6780	1.5000
291	16.6740	1.4996
292	16.6700	1.4989
293	16.6660	1.4983
294	16.6620	1.4979
295	16.6580	1.4972
296	16.6530	1.4968
297	16.6490	1.4964
298	16.6450	1.4959
299	16.6410	1.4951
300	16.6370	1.4946
301	16.6330	1.4942
302	16.6280	1.4938
303	16.6240	1.4933
304	16.6200	1.4927
305	16.6160	1.4921
306	16.6120	1.4916
307	16.6070	1.4910
308	16.6030	1.4906
309	16.5990	1.4901
310	16.5940	1.4895
311	16.5900	1.4888
312	16.5860	1.4882
313	16.5820	1.4878
314	16.5770	1.4873
315	16.5730	1.4867
316	16.5690	1.4863
317	16.5640	1.4858
318	16.5600	1.4852
319	16.5560	1.4848
320	16.5520	1.4839
321	16.5470	1.4835
322	16.5430	1.4830
323	16.5390	1.4824
324	16.5340	1.4820
325	16.5300	1.4813
326	16.5260	1.4809
327	16.5210	1.4803
328	16.5170	1.4798
329	16.5130	1.4794
330	16.5080	1.4788
331	16.5040	1.4783
332	16.5000	1.4777
333	16.4950	1.4773
334	16.4910	1.4766
335	16.4870	1.4762
336	16.4820	1.4755
337	16.4780	1.4751
338	16.4740	1.4747
339	16.4690	1.4740
340	16.4650	1.4736
341	16.4610	1.4730
342	16.4560	1.4725
343	16.4520	1.4721
344	16.4480	1.4715
345	16.4430	1.4710
346	16.4390	1.4704
347	16.4350	1.4700
348	16.4300	1.4695
349	16.4260	1.4689
350	16.4220	1.4685
351	16.4180	1.4678
352	16.4130	1.4674
353	16.4090	1.4670
354	16.4050	1.4663
355	16.4000	1.4659
356	16.3960	1.4652
357	16.3920	1.4648
358	16.3880	1.4644
359	16.3830	1.4637
360	16.3790	1.4633
361	16.3750	1.4629
362	16.3700	1.4622
363	16.3660	1.4618
364	16.3620	1.4614
365	16.3580	1.4607
366	16.3540	1.4603
367	16.3490	1.4599
368	16.3450	1.4592
369	16.3410	1.4586
370	16.3370	1.4582
371	16.3330	1.4577
372	16.3280	1.4571
373	16.3240	1.4567
374	16.3200	1.4562
375	16.3160	1.4558
376	16.3120	1.4552
377	16.3080	1.4547
378	16.3030	1.4543
379	16.2990	1.4539
380	16.2950	1.4530
381	16.2910	1.4530
382	16.2870	1.4526
383	16.2830	1.4517
384	16.2790	1.4513
385	16.2740	1.4509
386	16.2700	1.4504
387	16.2660	1.4500
388	16.2620	1.4494
389	16.2580	1.4487
390	16.2540	1.4483
391	16.2500	1.4479
392	16.2460	1.4474
393	16.2420	1.4470
394	16.2380	1.4466
395	16.2340	1.4461
396	16.2300	1.4457
397	16.2260	1.4451
398	16.2220	1.4446
399	16.2180	1.4442
400	16.2140	1.4438
401	16.2100	1.4431
402	16.2060	1.4427
403	16.2020	1.4423
404	16.1980	1.4418
405	16.1940	1.4414
406	16.1900	1.4410
407	16.1860	1.4403
408	16.1820	1.4399
409	16.1780	1.4395
410	16.1740	1.4391
411	16.1700	1.4384
412	16.1670	1.4380
413	16.1630	1.4378
414	16.1590	1.4373
415	16.1550	1.4367
416	16.1510	1.4363
417	16.1470	1.4358
418	16.1440	1.4352
419	16.1400	1.4350
420	16.1360	1.4345
421	16.1320	1.4341
422	16.1280	1.4337
423	16.1250	1.4333
424	16.1210	1.4328
425	16.1170	1.4322
426	16.1130	1.4318
427	16.1100	1.4315
428	16.1060	1.4309
429	16.1020	1.4307
430	16.0980	1.4300
431	16.0950	1.4296
432	16.0910	1.4292
433	16.0870	1.4288
434	16.0840	1.4283
435	16.0800	1.4281
436	16.0760	1.4275
437	16.0730	1.4270
438	16.0690	1.4266
439	16.0650	1.4264
440	16.0620	1.4258
441	16.0580	1.4253
442	16.0540	1.4249
443	16.0510	1.4245
444	16.0470	1.4242
445	16.0440	1.4236
446	16.0400	1.4234
447	16.0360	1.4227
448	16.0330	1.4225
449	16.0290	1.4219
450	16.0260	1.4217
451	16.0220	1.4212
452	16.0190	1.4208
453	16.0150	1.4204
454	16.0120	1.4200
455	16.0080	1.4195
456	16.0050	1.4193
457	16.0010	1.4187
458	15.9980	1.4182
459	15.9940	1.4178
460	15.9910	1.4176
461	15.9880	1.4172
462	15.9840	1.4165
463	15.9810	1.4163
464	15.9770	1.4159
465	15.9740	1.4157
466	15.9700	1.4150
467	15.9670	1.4146
468	15.9640	1.4144
469	15.9600	1.4139
470	15.9570	1.4135
471	15.9540	1.4131
472	15.9500	1.4127
473	15.9470	1.4124
474	15.9440	1.4120
475	15.9400	1.4116
476	15.9370	1.4109
477	15.9340	1.4109
478	15.9310	1.4105
479	15.9270	1.4099
480	15.9240	1.4097
481	15.9210	1.4092
482	15.9180	1.4088
483	15.9140	1.4086
484	15.9110	1.4082
485	15.9080	1.4077
486	15.9050	1.4073
487	15.9020	1.4071
488	15.8980	1.4067
489	15.8950	1.4062
490	15.8920	1.4058
491	15.8890	1.4056
492	15.8860	1.4052
493	15.8830	1.4049
494	15.8800	1.4045
495	15.8770	1.4039
496	15.8740	1.4034
497	15.8700	1.4034
498	15.8670	1.4030
499	15.8640	1.4026
500	15.8610	1.4021
501	15.8580	1.4019
502	15.8550	1.4017
503	15.8520	1.4013
504	15.8490	1.4009
505	15.8460	1.4004
506	15.8430	1.4000
507	15.8400	1.3996
508	15.8370	1.3994
509	15.8340	1.3989
510	15.8310	1.3985
511	15.8280	1.3985
512	15.8250	1.3981
513	15.8220	1.3976
514	15.8200	1.3974
515	15.8170	1.3970
516	15.8140	1.3966
517	15.8110	1.3964
518	15.8080	1.3961
519	15.8050	1.3957
520	15.8020	1.3953
521	15.7990	1.3948
522	15.7960	1.3946
523	15.7940	1.3942
524	15.7910	1.3940
525	15.7880	1.3936
526	15.7850	1.3933
527	15.7820	1.3929
528	15.7800	1.3927
529	15.7770	1.3923
530	15.7740	1.3921
531	15.7710	1.3918
532	15.7690	1.3912
533	15.7660	1.3908
534	15.7630	1.3906
535	15.7600	1.3903
536	15.7580	1.3899
537	15.7550	1.3897
538	15.7520	1.3895
539	15.7500	1.3891
540	15.7470	1.3886
541	15.7440	1.3884
542	15.7420	1.3880
543	15.7390	1.3876
544	15.7360	1.3873
545	15.7340	1.3871
546	15.7310	1.3869
547	15.7290	1.3867
548	15.7260	1.3861
549	15.7230	1.3858
550	15.7210	1.3856
551	15.7180	1.3852
552	15.7160	1.3850
553	15.7130	1.3845
554	15.7110	1.3843
555	15.7080	1.3839
556	15.7060	1.3839
557	15.7030	1.3833
558	15.7000	1.3830
559	15.6980	1.3828
560	15.6960	1.3826
561	15.6930	1.3824
562	15.6910	1.3820
563	15.6880	1.3818
564	15.6860	1.3815
565	15.6830	1.3811
566	15.6810	1.3807
567	15.6780	1.3805
568	15.6760	1.3800
569	15.6740	1.3798
570	15.6710	1.3796
571	15.6690	1.3792
572	15.6660	1.3790
573	15.6640	1.3788
574	15.6620	1.3783
575	15.6590	1.3781
576	15.6570	1.3781
577	15.6550	1.3775
578	15.6520	1.3775
579	15.6500	1.3770
580	15.6480	1.3768
581	15.6460	1.3766
582	15.6430	1.3762
583	15.6410	1.3760
584	15.6390	1.3755
585	15.6360	1.3753
586	15.6340	1.3751
587	15.6320	1.3749
588	15.6300	1.3745
589	15.6280	1.3742
590	15.6250	1.3738
591	15.6230	1.3736
592	15.6210	1.3736
593	15.6190	1.3732
594	15.6160	1.3732
595	15.6140	1.3727
596	15.6120	1.3723
597	15.6100	1.3721
598	15.6080	1.3719
599	15.6060	1.3717
600	15.6040	1.3712
601	15.6020	1.3710
602	15.5990	1.3708
603	15.5970	1.3706
604	15.5950	1.3702
605	15.5930	1.3702
606	15.5910	1.3697
607	15.5890	1.3697
608	15.5870	1.3693
609	15.5850	1.3689
610	15.5830	1.3689
611	15.5810	1.3685
612	15.5790	1.3685
613	15.5770	1.3680
614	15.5750	1.3678
615	15.5730	1.3676
616	15.5710	1.3674
617	15.5690	1.3672
618	15.5670	1.3670
619	15.5650	1.3665
620	15.5630	1.3663
621	15.5610	1.3659
622	15.5590	1.3659
623	15.5570	1.3657
624	15.5560	1.3657
625	15.5540	1.3652
626	15.5520	1.3648
627	15.5500	1.3646
628	15.5480	1.3644
629	15.5460	1.3644
630	15.5440	1.3639
631	15.5420	1.3637
632	15.5410	1.3637
633	15.5390	1.3633
634	15.5370	1.3631
635	15.5350	1.3629
636	15.5330	1.3627
637	15.5320	1.3624
638	15.5300	1.3622
639	15.5280	1.3620
640	15.5260	1.3616
641	15.5250	1.3614
642	15.5230	1.3612
643	15.5210	1.3609
644	15.5190	1.3609
645	15.5180	1.3605
646	15.5160	1.3605
647	15.5140	1.3601
648	15.5130	1.3599
649	15.5110	1.3597
650	15.5090	1.3594
651	15.5080	1.3594
652	15.5060	1.3590
653	15.5040	1.3590
654	15.5030	1.3586
655	15.5010	1.3586
656	15.5000	1.3582
657	15.4980	1.3582
658	15.4960	1.3579
659	15.4950	1.3575
660	15.4930	1.3575
661	15.4920	1.3571
662	15.4900	1.3571
663	15.4890	1.3569
664	15.4870	1.3567
665	15.4860	1.3564
666	15.4840	1.3562
667	15.4830	1.3560
668	15.4810	1.3558
669	15.4800	1.3556
670	15.4780	1.3554
671	15.4770	1.3554
672	15.4750	1.3552
673	15.4740	1.3549
674	15.4720	1.3547
675	15.4710	1.3545
676	15.4700	1.3543
677	15.4680	1.3543
678	15.4670	1.3539
679	15.4650	1.3536
680	15.4640	1.3534
681	15.4630	1.3532
682	15.4610	1.3532
683	15.4600	1.3530
684	15.4580	1.3530
685	15.4570	1.3526
686	15.4560	1.3526
687	15.4540	1.3521
688	15.4530	1.3521
689	15.4520	1.3519
690	15.4510	1.3517
691	15.4490	1.3517
692	15.4480	1.3513
693	15.4470	1.3511
694	15.4460	1.3511
695	15.4440	1.3509
696	15.4430	1.3504
697	15.4420	1.3504
698	15.4400	1.3502
699	15.4390	1.3502
700	15.4380	1.3500
701	15.4370	1.3498
702	15.4360	1.3496
703	15.4340	1.3496
704	15.4330	1.3494
705	15.4320	1.3491
706	15.4310	1.3489
707	15.4300	1.3489
708	15.4290	1.3485
709	15.4280	1.3485
710	15.4260	1.3483
711	15.4250	1.3481
712	15.4240	1.3481
713	15.4230	1.3479
714	15.4220	1.3479
715	15.4210	1.3474
716	15.4200	1.3474
717	15.4190	1.3472
718	15.4180	1.3470
719	15.4160	1.3470
720	15.4150	1.3468
721	15.4140	1.3466
722	15.4130	1.3466
723	15.4120	1.3461
724	15.4110	1.3461
725	15.4100	1.3461
726	15.4090	1.3459
727	15.4080	1.3457
728	15.4070	1.3455
729	15.4060	1.3453
730	15.4050	1.3453
731	15.6880	1.3532
732	15.6870	1.3532
733	15.6860	1.3532
734	15.6850	1.3530
735	15.6840	1.3530
736	15.6830	1.3528
737	15.6820	1.3528
738	15.6810	1.3528
739	15.6800	1.3526
740	15.6790	1.3526
741	15.6780	1.3524
742	15.6770	1.3524
743	15.6760	1.3524
744	15.6750	1.3521
745	15.6740	1.3519
746	15.6730	1.3517
747	15.6720	1.3517
748	15.6710	1.3517
749	15.6700	1.3517
750	15.6700	1.3515
751	15.6680	1.3513
752	15.6680	1.3513
753	15.6670	1.3513
754	15.6660	1.3513
755	15.6650	1.3511
756	15.6640	1.3511
757	15.6630	1.3509
758	15.6620	1.3509
759	15.6610	1.3506
760	15.6600	1.3504
761	15.6590	1.3504
762	15.6580	1.3504
763	15.6570	1.3502
764	15.6560	1.3502
765	15.6550	1.3500
766	15.6540	1.3500
767	15.6530	1.3498
768	15.6520	1.3498
769	15.6510	1.3496
770	15.6500	1.3496
771	15.6500	1.3494
772	15.6490	1.3494
773	15.6480	1.3494
774	15.6470	1.3494
775	15.6460	1.3494
776	15.6450	1.3489
777	15.6440	1.3489
778	15.6430	1.3489
779	15.6420	1.3485
780	15.6410	1.3485
781	15.6400	1.3485
782	15.6390	1.3485
783	15.6380	1.3483
784	15.6380	1.3483
785	15.6370	1.3483
786	15.6360	1.3481
787	15.6350	1.3479
788	15.6340	1.3479
789	15.6330	1.3479
790	15.6320	1.3476
791	15.6310	1.3474
792	15.6300	1.3474
793	15.6290	1.3474
794	15.6280	1.3472
795	15.6280	1.3472
796	15.6270	1.3472
797	15.6260	1.3472
798	15.6250	1.3468
799	15.6240	1.3468
800	15.6230	1.3468
801	15.6220	1.3466
802	15.6210	1.3466
803	15.6200	1.3466
804	15.6190	1.3464
805	15.6180	1.3461
806	15.6180	1.3461
807	15.6170	1.3461
808	15.6160	1.3459
809	15.6150	1.3459
810	15.6140	1.3457
811	15.6130	1.3455
812	15.6120	1.3455
813	15.6120	1.3455
814	15.6110	1.3455
815	15.6100	1.3453
816	15.6090	1.3453
817	15.6080	1.3453
818	15.6070	1.3453
819	15.6060	1.3451
820	15.6050	1.3448
821	15.6040	1.3448
822	15.6040	1.3446
823	15.6030	1.3446
824	15.6020	1.3446
825	15.6010	1.3444
826	15.6000	1.3444
827	15.5990	1.3444
828	15.5980	1.3444
829	15.5980	1.3442
830	15.5970	1.3440
831	15.5960	1.3440
832	15.5950	1.3438
833	15.5940	1.3438
834	15.5930	1.3438
835	15.5920	1.3436
836	15.5920	1.3436
837	15.5910	1.3436
838	15.5900	1.3433
839	15.5890	1.3431
840	15.5880	1.3431
841	15.5870	1.3431
842	15.5860	1.3429
843	15.5860	1.3429
844	15.5850	1.3429
845	15.5840	1.3427
846	15.5830	1.3427
847	15.5820	1.3425
848	15.5810	1.3423
849	15.5800	1.3423
850	15.5800	1.3423
851	15.5790	1.3421
852	15.5780	1.3421
853	15.5770	1.3421
854	15.5760	1.3418
855	15.5750	1.3418
856	15.5740	1.3418
857	15.5740	1.3416
858	15.5730	1.3416
859	15.5720	1.3416
860	15.5710	1.3416
861	15.5700	1.3414
862	15.5700	1.3414
863	15.5690	1.3414
864	15.5680	1.3410
865	15.5670	1.3410
866	15.5660	1.3408
867	15.5650	1.3408
868	15.5640	1.3408
869	15.5640	1.3408
870	15.5630	1.3406
871	15.5620	1.3406
872	15.5610	1.3406
873	15.5600	1.3403
874	15.5600	1.3403
875	15.5590	1.3403
876	15.5580	1.3401
877	15.5570	1.3401
878	15.5560	1.3401
879	15.5550	1.3399
880	15.5540	1.3399
881	15.5540	1.3399
882	15.5530	1.3397
883	15.5520	1.3397
884	15.5510	1.3397
885	15.5500	1.3397
886	15.5500	1.3395
887	15.5490	1.3395
888	15.5480	1.3395
889	15.5470	1.3393
890	15.5460	1.3393
891	15.5460	1.3393
892	15.5450	1.3391
893	15.5440	1.3391
894	15.5430	1.3391
895	15.5420	1.3388
896	15.5410	1.3388
897	15.5410	1.3388
898	15.5400	1.3386
899	15.5390	1.3386
900	15.5380	1.3386
901	15.5370	1.3384
902	15.5370	1.3384
903	15.5360	1.3384
904	15.5350	1.3382
905	15.5340	1.3382
906	15.5330	1.3382
907	15.5320	1.3380
908	15.5320	1.3380
909	15.5310	1.3380
910	15.5300	1.3382
911	15.5290	1.3380
912	15.5280	1.3380
913	15.5280	1.3380
914	15.5270	1.3378
915	15.5260	1.3378
916	15.5250	1.3378
917	15.5240	1.3376
918	15.5240	1.3376
919	15.5230	1.3376
920	15.5220	1.3373
921	15.5210	1.3373
922	15.5200	1.3373
923	15.5200	1.3373
924	15.5190	1.3371
925	15.5180	1.3371
926	15.5170	1.3371
927	15.5160	1.3369
928	15.5160	1.3369
929	15.5150	1.3369
930	15.5140	1.3369
931	15.5130	1.3369
932	15.5120	1.3369
933	15.5120	1.3367
934	15.5110	1.3367
935	15.5100	1.3367
936	15.5090	1.3365
937	15.5090	1.3367
938	15.5080	1.3367
939	15.5070	1.3367
940	15.5060	1.3365
941	15.5050	1.3365
942	15.5050	1.3365
943	15.5040	1.3365
944	15.5030	1.3363
945	15.5020	1.3363
946	15.5020	1.3361
947	15.5010	1.3361
948	15.5000	1.3361
949	15.4990	1.3363
950	15.4980	1.3361
951	15.4980	1.3361
952	15.4970	1.3361
953	15.4960	1.3363
954	15.4950	1.3361
955	15.4940	1.3361
956	15.4940	1.3358
957	15.4930	1.3358
958	15.4920	1.3358
959	15.4910	1.3358
960	15.4910	1.3356
961	15.4900	1.3356
962	15.4890	1.3358
963	15.4880	1.3358
964	15.4880	1.3356
965	15.4870	1.3356
966	15.4860	1.3358
967	15.4850	1.3356
968	15.4840	1.3356
969	15.4840	1.3356
970	15.4830	1.3356
971	15.4820	1.3354
972	15.4810	1.3356
973	15.4810	1.3356
974	15.4800	1.3354
975	15.4790	1.3354
976	15.4780	1.3356
977	15.4780	1.3354
978	15.4770	1.3354
979	15.4760	1.3354
980	15.4750	1.3356
981	15.4740	1.3354
982	15.4740	1.3354
983	15.4730	1.3354
984	15.4720	1.3356
985	15.4720	1.3354
986	15.4710	1.3354
987	15.4700	1.3354
988	15.4690	1.3354
989	15.4680	1.3354
990	15.4680	1.3354
991	15.4670	1.3354
992	15.4660	1.3354
993	15.4660	1.3354
994	15.4650	1.3354
995	15.4640	1.3356
996	15.4630	1.3354
997	15.4630	1.3354
998	15.4620	1.3354
999	15.4610	1.3356
1000	15.4600	1.3354
1001	15.4600	1.3354
1002	15.4590	1.3356
1003	15.4580	1.3354
1004	15.4580	1.3356
1005	15.4570	1.3356
1006	15.4560	1.3356
1007	15.4550	1.3354
1008	15.4550	1.3356
1009	15.4540	1.3356
1010	15.4530	1.3358
1011	15.4520	1.3356
1012	15.4520	1.3356
1013	15.4510	1.3358
1014	15.4500	1.3356
1015	15.4500	1.3356
1016	15.4490	1.3358
1017	15.4480	1.3356
1018	15.4470	1.3358
1019	15.4470	1.3358
1020	15.4460	1.3358
1021	15.4450	1.3361
1022	15.4450	1.3358
1023	15.4440	1.3361
1024	15.4430	1.3361
1025	15.4420	1.3361
1026	15.4420	1.3361
1027	15.4410	1.3361
1028	15.4400	1.3363
1029	15.4400	1.3361
1030	15.4390	1.3363
1031	15.4380	1.3363
1032	15.4380	1.3365
1033	15.4370	1.3363
1034	15.4360	1.3363
1035	15.4360	1.3365
1036	15.4350	1.3367
1037	15.4340	1.3365
1038	15.4340	1.3365
1039	15.4330	1.3367
1040	15.4320	1.3367
1041	15.4320	1.3367
1042	15.4310	1.3369
1043	15.4300	1.3369
1044	15.4290	1.3369
1045	15.4290	1.3369
1046	15.4280	1.3371
1047	15.4270	1.3371
1048	15.4270	1.3373
1049	15.4260	1.3371
1050	15.4250	1.3371
1051	15.4250	1.3373
1052	15.4240	1.3376
1053	15.4230	1.3373
1054	15.4230	1.3376
1055	15.4220	1.3376
1056	15.4220	1.3378
1057	15.4210	1.3378
1058	15.4200	1.3380
1059	15.4200	1.3380
1060	15.4190	1.3378
1061	15.4180	1.3380
1062	15.4180	1.3382
1063	15.4170	1.3382
1064	15.4160	1.3382
1065	15.4160	1.3382
1066	15.4150	1.3384
1067	15.4140	1.3386
1068	15.4140	1.3388
1069	15.4130	1.3386
1070	15.4120	1.3388
1071	15.4120	1.3388
1072	15.4110	1.3391
1073	15.4110	1.3391
1074	15.4100	1.3391
1075	15.4090	1.3393
1076	15.4090	1.3395
1077	15.4080	1.3395
1078	15.4080	1.3395
1079	15.4070	1.3397
1080	15.4060	1.3395
1081	15.4060	1.3397
1082	15.4050	1.3399
1083	15.4040	1.3401
1084	15.4040	1.3401
1085	15.4030	1.3401
1086	15.4030	1.3403
1087	15.4020	1.3406
1088	15.4010	1.3406
1089	15.4010	1.3406
1090	15.4000	1.3408
1091	15.4000	1.3410
1092	15.3990	1.3410
1093	15.3980	1.3410
1094	15.3980	1.3412
1095	15.3970	1.3414
1096	15.3970	1.3414
1097	15.3960	1.3416
1098	15.3950	1.3416
1099	15.3950	1.3418
1100	15.3940	1.3421
1101	15.3940	1.3421
1102	15.3930	1.3421
1103	15.3920	1.3423
1104	15.3920	1.3425
1105	15.3910	1.3423
1106	15.3910	1.3425
1107	15.3900	1.3427
1108	15.3900	1.3429
1109	15.3890	1.3431
1110	15.3880	1.3431
1111	15.3880	1.3433
1112	15.3870	1.3433
1113	15.3870	1.3436
1114	15.3860	1.3436
1115	15.3860	1.3438
1116	15.3850	1.3440
1117	15.3850	1.3442
1118	15.3840	1.3444
1119	15.3840	1.3444
1120	15.3830	1.3444
1121	15.3820	1.3448
1122	15.3820	1.3451
1123	15.3810	1.3448
1124	15.3810	1.3451
1125	15.3800	1.3453
1126	15.3800	1.3455
1127	15.3790	1.3457
1128	15.3790	1.3457
1129	15.3780	1.3459
1130	15.3780	1.3461
1131	15.3770	1.3464
1132	15.3760	1.3464
1133	15.3760	1.3466
1134	15.3750	1.3468
1135	15.3750	1.3470
1136	15.3740	1.3470
1137	15.3740	1.3472
1138	15.3730	1.3474
1139	15.3730	1.3476
1140	15.3720	1.3479
1141	15.3720	1.3481
1142	15.3710	1.3481
1143	15.3710	1.3483
1144	15.3700	1.3485
1145	15.3700	1.3487
1146	15.3690	1.3487
1147	15.3690	1.3489
1148	15.3680	1.3491
1149	15.3680	1.3494
1150	15.3670	1.3494
1151	15.3670	1.3496
1152	15.3660	1.3498
1153	15.3660	1.3500
1154	15.3650	1.3500
1155	15.3650	1.3502
1156	15.3640	1.3506
1157	15.3640	1.3506
1158	15.3630	1.3511
1159	15.3630	1.3511
1160	15.3620	1.3513
1161	15.3620	1.3515
1162	15.3610	1.3517
1163	15.3610	1.3519
1164	15.3600	1.3519
1165	15.3600	1.3524
1166	15.3590	1.3526
1167	15.3590	1.3528
1168	15.3580	1.3528
1169	15.3580	1.3530
1170	15.3570	1.3532
1171	15.3570	1.3534
1172	15.3560	1.3536
1173	15.3560	1.3536
1174	15.3550	1.3541
1175	15.3550	1.3543
1176	15.3540	1.3545
1177	15.3540	1.3545
1178	15.3540	1.3547
1179	15.3530	1.3549
1180	15.3520	1.3554
1181	15.3520	1.3556
1182	15.3520	1.3558
1183	15.3510	1.3558
1184	15.3510	1.3560
1185	15.3500	1.3564
1186	15.3500	1.3567
1187	15.3490	1.3569
1188	15.3490	1.3569
1189	15.3480	1.3573
1190	15.3480	1.3575
1191	15.3480	1.3577
1192	15.3470	1.3579
1193	15.3460	1.3579
1194	15.3460	1.3584
1195	15.3460	1.3586
1196	15.3450	1.3588
1197	15.3450	1.3590
1198	15.3440	1.3592
1199	15.3440	1.3594
1200	15.3430	1.3597
1201	15.3430	1.3599
1202	15.3420	1.3603
1203	15.3420	1.3603
1204	15.3420	1.3605
1205	15.3410	1.3609
1206	15.3410	1.3609
1207	15.3400	1.3612
1208	15.3400	1.3616
1209	15.3400	1.3618
1210	15.3390	1.3620
1211	15.3390	1.3622
1212	15.3380	1.3622
1213	15.3380	1.3627
1214	15.3370	1.3629
1215	15.3370	1.3631
1216	15.3360	1.3635
1217	15.3360	1.3635
1218	15.3360	1.3637
1219	15.3350	1.3642
1220	15.3350	1.3644
1221	15.3340	1.3648
1222	15.3340	1.3648
1223	15.3340	1.3650
1224	15.3330	1.3655
1225	15.3330	1.3657
1226	15.3320	1.3659
1227	15.3320	1.3661
1228	15.3310	1.3663
1229	15.3310	1.3665
1230	15.3310	1.3670
1231	15.3300	1.3672
1232	15.3300	1.3674
1233	15.3290	1.3674
1234	15.3290	1.3678
1235	15.3280	1.3680
1236	15.3280	1.3685
1237	15.3280	1.3685
1238	15.3270	1.3687
1239	15.3270	1.3691
1240	15.3260	1.3693
1241	15.3260	1.3697
1242	15.3260	1.3697
1243	15.3250	1.3700
1244	15.3250	1.3704
1245	15.3240	1.3706
1246	15.3240	1.3708
1247	15.3240	1.3710
1248	15.3230	1.3712
1249	15.3230	1.3717
1250	15.3220	1.3721
1251	15.3220	1.3723
1252	15.3220	1.3723
1253	15.3210	1.3727
1254	15.3210	1.3730
1255	15.3200	1.3734
1256	15.3200	1.3736
1257	15.3200	1.3736
1258	15.3190	1.3740
1259	15.3190	1.3742
1260	15.3180	1.3747
1261	15.3180	1.3749
1262	15.3180	1.3753
1263	15.3170	1.3753
1264	15.3170	1.3755
1265	15.3170	1.3760
1266	15.3160	1.3762
1267	15.3160	1.3766
1268	15.3160	1.3766
1269	15.3150	1.3770
1270	15.3150	1.3773
1271	15.3140	1.3775
1272	15.3140	1.3777
1273	15.3140	1.3779
1274	15.3130	1.3783
1275	15.3130	1.3785
1276	15.3120	1.3790
1277	15.3120	1.3794
1278	15.3120	1.3796
1279	15.3110	1.3796
1280	15.3110	1.3800
1281	15.3110	1.3803
1282	15.3100	1.3807
1283	15.3100	1.3807
1284	15.3100	1.3811
1285	15.3090	1.3813
1286	15.3090	1.3818
1287	15.3080	1.3822
1288	15.3080	1.3824
1289	15.3080	1.3824
1290	15.3070	1.3828
1291	15.3070	1.3830
1292	15.3070	1.3835
1293	15.3060	1.3835
1294	15.3060	1.3839
1295	15.3060	1.3841
1296	15.3050	1.3845
1297	15.3050	1.3850
1298	15.3040	1.3850
1299	15.3040	1.3854
1300	15.3040	1.3856
1301	15.3030	1.3861
1302	15.3030	1.3863
1303	15.3030	1.3865
1304	15.3020	1.3867
1305	15.3020	1.3871
1306	15.3020	1.3873
1307	15.3010	1.3876
1308	15.3010	1.3878
1309	15.3010	1.3882
1310	15.3000	1.3884
1311	15.3000	1.3888
1312	15.3000	1.3893
1313	15.2990	1.3893
1314	15.2990	1.3897
1315	15.2980	1.3899
1316	15.2980	1.3903
1317	15.2980	1.3906
1318	15.2980	1.3908
1319	15.2970	1.3912
1320	15.2970	1.3914
1321	15.2960	1.3918
1322	15.2960	1.3923
1323	15.2960	1.3923
1324	15.2960	1.3925
1325	15.2950	1.3929
1326	15.2950	1.3931
1327	15.2940	1.3933
1328	15.2940	1.3938
1329	15.2940	1.3940
1330	15.2940	1.3944
1331	15.2930	1.3944
1332	15.2930	1.3948
1333	15.2920	1.3951
1334	15.2920	1.3955
1335	15.2920	1.3959
1336	15.2920	1.3959
1337	15.2910	1.3964
1338	15.2910	1.3966
1339	15.2910	1.3970
1340	15.2900	1.3974
1341	15.2900	1.3974
1342	15.2900	1.3979
1343	15.2890	1.3983
1344	15.2890	1.3985
1345	15.2890	1.3987
1346	15.2880	1.3989
1347	15.2880	1.3994
1348	15.2880	1.3998
1349	15.2880	1.4000
1350	15.2870	1.4002
1351	15.2870	1.4006
1352	15.2870	1.4009
1353	15.2860	1.4013
1354	15.2860	1.4013
1355	15.2860	1.4017
1356	15.2850	1.4019
1357	15.2850	1.4021
1358	15.2850	1.4026
1359	15.2840	1.4028
1360	15.2840	1.4032
1361	15.2840	1.4034
1362	15.2840	1.4036
1363	15.2830	1.4041
1364	15.2830	1.4043
1365	15.2830	1.4047
1366	15.2820	1.4049
1367	15.2820	1.4052
1368	15.2820	1.4056
1369	15.2820	1.4060
1370	15.2810	1.4060
1371	15.2810	1.4064
1372	15.2810	1.4069
1373	15.2800	1.4071
1374	15.2800	1.4073
1375	15.2800	1.4077
1376	15.2800	1.4079
1377	15.2790	1.4084
1378	15.2790	1.4084
1379	15.2790	1.4088
1380	15.2780	1.4092
1381	15.2780	1.4092
1382	15.2780	1.4097
1383	15.2780	1.4099
1384	15.2770	1.4103
1385	15.2770	1.4105
1386	15.2770	1.4107
1387	15.2770	1.4112
1388	15.2760	1.4116
1389	15.2760	1.4116
1390	15.2760	1.4120
1391	15.2760	1.4124
1392	15.2750	1.4124
1393	15.2750	1.4129
1394	15.2750	1.4133
1395	15.2740	1.4135
1396	15.2740	1.4137
1397	15.2740	1.4142
1398	15.2740	1.4144
1399	15.2740	1.4148
1400	15.2730	1.4148
1401	15.2730	1.4152
1402	15.2730	1.4157
1403	15.2720	1.4159
1404	15.2720	1.4161
1405	15.2720	1.4165
1406	15.2720	1.4167
1407	15.2720	1.4170
1408	15.2710	1.4174
1409	15.2710	1.4178
1410	15.2710	1.4178
1411	15.2700	1.4182
1412	15.2700	1.4187
1413	15.2700	1.4189
1414	15.2700	1.4191
1415	15.2700	1.4195
1416	15.2690	1.4195
1417	15.2690	1.4200
1418	15.2690	1.4204
1419	15.2690	1.4204
1420	15.2680	1.4208
1421	15.2680	1.4212
1422	15.2680	1.4217
1423	15.2680	1.4217
1424	15.2680	1.4221
1425	15.2670	1.4225
1426	15.2670	1.4227
1427	15.2670	1.4230
1428	15.2670	1.4234
1429	15.2660	1.4236
1430	15.2660	1.4238
1431	15.2660	1.4242
1432	15.2660	1.4242
1433	15.2660	1.4247
1434	15.2650	1.4251
1435	15.2650	1.4253
1436	15.2650	1.4255
1437	15.2650	1.4260
1438	15.2650	1.4262
1439	15.2640	1.4266
1440	15.2640	1.4270
1441	15.2640	1.4270
1442	15.2640	1.4275
1443	15.2640	1.4279
1444	15.2630	1.4281
1445	15.2630	1.4283
1446	15.2630	1.4288
1447	15.2630	1.4288
1448	15.2630	1.4292
1449	15.2620	1.4296
1450	15.2620	1.4298
1451	15.2620	1.4300
1452	15.2620	1.4305
1453	15.2620	1.4307
1454	15.2620	1.4311
1455	15.2610	1.4315
1456	15.2610	1.4315
1457	15.2610	1.4320
1458	15.2610	1.4324
1459	15.2610	1.4326
1460	15.2600	1.4330
1461	15.2600	1.4330
1462	15.2600	1.4335
1463	15.2600	1.4337
1464	15.2600	1.4339
1465	15.2600	1.4343
1466	15.2590	1.4348
1467	15.2590	1.4350
1468	15.2590	1.4354
1469	15.2590	1.4356
1470	15.2590	1.4358
1471	15.2590	1.4363
1472	15.2580	1.4367
1473	15.2580	1.4369
1474	15.2580	1.4371
1475	15.2580	1.4373
1476	15.2580	1.4378
1477	15.2580	1.4382
1478	15.2580	1.4382
1479	15.2570	1.4386
1480	15.2570	1.4388
1481	15.2570	1.4393
1482	15.2570	1.4395
1483	15.2570	1.4397
1484	15.2570	1.4401
1485	15.2560	1.4406
1486	15.2560	1.4408
1487	15.2560	1.4412
1488	15.2560	1.4414
1489	15.2560	1.4416
1490	15.2560	1.4421
1491	15.2560	1.4423
1492	15.2560	1.4427
1493	15.2550	1.4431
1494	15.2550	1.4431
1495	15.2550	1.4436
1496	15.2550	1.4438
1497	15.2550	1.4442
1498	15.2550	1.4444
1499	15.2550	1.4446
1500	15.2540	1.4451
1501	15.2540	1.4453
1502	15.2540	1.4457
1503	15.2540	1.4459
1504	15.2540	1.4464
1505	15.2540	1.4468
1506	15.2540	1.4468
1507	15.2540	1.4472
1508	15.2540	1.4476
1509	15.2540	1.4479
1510	15.2530	1.4481
1511	15.2530	1.4483
1512	15.2530	1.4487
1513	15.2530	1.4489
1514	15.2530	1.4494
1515	15.2530	1.4496
1516	15.2530	1.4500
1517	15.2530	1.4504
1518	15.2530	1.4506
1519	15.2520	1.4511
1520	15.2520	1.4513
1521	15.2520	1.4515
1522	15.2520	1.4519
1523	15.2520	1.4521
1524	15.2520	1.4526
1525	15.2520	1.4528
1526	15.2520	1.4530
1527	15.2520	1.4532
1528	15.2520	1.4536
1529	15.2520	1.4539
1530	15.2520	1.4543
1531	15.2520	1.4547
1532	15.2520	1.4549
1533	15.2510	1.4554
1534	15.2510	1.4556
1535	15.2510	1.4560
1536	15.2510	1.4562
1537	15.2510	1.4567
1538	15.2510	1.4571
1539	15.2510	1.4573
1540	15.2510	1.4573
1541	15.2510	1.4577
1542	15.2510	1.4582
1543	15.2510	1.4584
1544	15.2510	1.4588
1545	15.2510	1.4590
1546	15.2510	1.4594
1547	15.2510	1.4597
1548	15.2500	1.4601
1549	15.2500	1.4603
1550	15.2500	1.4605
1551	15.2500	1.4612
1552	15.2500	1.4612
1553	15.2500	1.4614
1554	15.2500	1.4618
1555	15.2500	1.4620
1556	15.2500	1.4624
1557	15.2500	1.4629
1558	15.2500	1.4631
1559	15.2500	1.4635
1560	15.2500	1.4637
1561	15.2500	1.4642
1562	15.2500	1.4644
1563	15.2500	1.4648
1564	15.2500	1.4650
1565	15.2500	1.4652
1566	15.2500	1.4655
1567	15.2500	1.4659
1568	15.2500	1.4661
1569	15.2500	1.4665
1570	15.2500	1.4667
1571	15.2500	1.4672
1572	15.2500	1.4674
1573	15.2500	1.4678
1574	15.2500	1.4680
1575	15.2500	1.4685
1576	15.2500	1.4687
1577	15.2500	1.4691
1578	15.2500	1.4693
1579	15.2500	1.4697
1580	15.2500	1.4700
1581	15.2500	1.4704
1582	15.2500	1.4706
1583	15.2500	1.4710
1584	15.2500	1.4712
1585	15.2500	1.4715
1586	15.2500	1.4717
1587	15.2500	1.4721
1588	15.2500	1.4723
1589	15.2500	1.4727
1590	15.2500	1.4730
1591	15.2500	1.4734
1592	15.2500	1.4738
1593	15.2500	1.4738
1594	15.2500	1.4742
1595	15.2500	1.4745
1596	15.2500	1.4749
1597	15.2500	1.4751
1598	15.2500	1.4755
1599	15.2500	1.4758
1600	15.2500	1.4762
1601	15.2500	1.4764
1602	15.2500	1.4768
1603	15.2500	1.4770
1604	15.2500	1.4775
1605	15.2500	1.4777
1606	15.2500	1.4781
1607	15.2500	1.4783
1608	15.2500	1.4785
1609	15.2500	1.4790
1610	15.2500	1.4792
1611	15.2500	1.4796
1612	15.2500	1.4798
1613	15.2500	1.4803
1614	15.2500	1.4805
1615	15.2500	1.4807
1616	15.2500	1.4811
1617	15.2500	1.4813
1618	15.2500	1.4818
1619	15.2500	1.4820
1620	15.2500	1.4824
1621	15.2500	1.4826
1622	15.2510	1.4830
1623	15.2510	1.4833
1624	15.2510	1.4835
1625	15.2510	1.4839
1626	15.2510	1.4841
1627	15.2510	1.4845
1628	15.2510	1.4848
1629	15.2510	1.4852
1630	15.2510	1.4854
1631	15.2510	1.4856
1632	15.2510	1.4861
1633	15.2510	1.4863
1634	15.2510	1.4867
1635	15.2510	1.4869
1636	15.2510	1.4871
1637	15.2510	1.4876
1638	15.2520	1.4878
1639	15.2520	1.4882
1640	15.2520	1.4884
1641	15.2520	1.4886
1642	15.2520	1.4891
1643	15.2520	1.4893
1644	15.2520	1.4897
1645	15.2520	1.4899
1646	15.2520	1.4901
1647	15.2520	1.4906
1648	15.2520	1.4908
1649	15.2520	1.4910
1650	15.2520	1.4914
1651	15.2520	1.4916
1652	15.2520	1.4921
1653	15.2520	1.4923
1654	15.2530	1.4925
1655	15.2530	1.4929
1656	15.2530	1.4931
1657	15.2530	1.4936
1658	15.2530	1.4938
1659	15.2530	1.4940
1660	15.2530	1.4944
1661	15.2530	1.4946
1662	15.2530	1.4948
1663	15.2530	1.4953
1664	15.2530	1.4953
1665	15.2540	1.4959
1666	15.2540	1.4961
1667	15.2540	1.4964
1668	15.2540	1.4968
1669	15.2540	1.4970
1670	15.2540	1.4972
1671	15.2540	1.4976
1672	15.2540	1.4979
1673	15.2540	1.4983
1674	15.2540	1.4983
1675	15.2540	1.4985
1676	15.2540	1.4991
1677	15.2550	1.4994
1678	15.2550	1.4994
1679	15.2550	1.5000
1680	15.2550	1.5002
1681	15.2550	1.5002
1682	15.2550	1.5009
1683	15.2550	1.5011
1684	15.2550	1.5011
1685	15.2550	1.5017
1686	15.2560	1.5019
1687	15.2560	1.5019
1688	15.2560	1.5024
1689	15.2560	1.5028
1690	15.2560	1.5028
1691	15.2560	1.5032
1692	15.2560	1.5034
1693	15.2560	1.5036
1694	15.2560	1.5043
1695	15.2560	1.5043
1696	15.2570	1.5045
1697	15.2570	1.5052
1698	15.2570	1.5052
1699	15.2570	1.5054
1700	15.2570	1.5058
1701	15.2570	1.5060
1702	15.2570	1.5062
1703	15.2570	1.5067
1704	15.2580	1.5069
1705	15.2580	1.5071
1706	15.2580	1.5075
1707	15.2580	1.5077
1708	15.2580	1.5079
1709	15.2580	1.5084
1710	15.2580	1.5086
1711	15.2580	1.5088
1712	15.2580	1.5092
1713	15.2580	1.5094
1714	15.2590	1.5097
1715	15.2590	1.5099
1716	15.2590	1.5103
1717	15.2590	1.5103
1718	15.2590	1.5107
1719	15.2590	1.5112
1720	15.2590	1.5112
1721	15.2600	1.5116
1722	15.2600	1.5116
1723	15.2600	1.5122
1724	15.2600	1.5122
1725	15.2600	1.5124
1726	15.2600	1.5129
1727	15.2600	1.5131
1728	15.2600	1.5133
1729	15.2600	1.5137
1730	15.2610	1.5139
1731	15.2610	1.5142
1732	15.2610	1.5144
1733	15.2610	1.5148
1734	15.2610	1.5150
1735	15.2610	1.5152
1736	15.2610	1.5152
1737	15.2620	1.5159
1738	15.2620	1.5159
1739	15.2620	1.5161
1740	15.2620	1.5163
1741	15.2620	1.5167
1742	15.2620	1.5170
1743	15.2620	1.5172
1744	15.2620	1.5176
1745	15.2620	1.5178
1746	15.2630	1.5180
1747	15.2630	1.5182
1748	15.2630	1.5187
1749	15.2630	1.5189
1750	15.2630	1.5191
1751	15.2630	1.5191
1752	15.2640	1.5197
1753	15.2640	1.5197
1754	15.2640	1.5200
1755	15.2640	1.5202
1756	15.2640	1.5206
1757	15.2640	1.5208
1758	15.2640	1.5210
1759	15.2640	1.5215
1760	15.2650	1.5217
1761	15.2650	1.5219
1762	15.2650	1.5221
1763	15.2650	1.5225
1764	15.2650	1.5225
1765	15.2650	1.5227
1766	15.2650	1.5230
1767	15.2660	1.5232
1768	15.2660	1.5236
1769	15.2660	1.5238
1770	15.2660	1.5240
1771	15.2660	1.5242
1772	15.2660	1.5247
1773	15.2660	1.5249
1774	15.2660	1.5251
1775	15.2670	1.5251
1776	15.2670	1.5255
1777	15.2670	1.5258
1778	15.2670	1.5260
1779	15.2670	1.5262
1780	15.2670	1.5264
1781	15.2680	1.5268
1782	15.2680	1.5270
1783	15.2680	1.5273
1784	15.2680	1.5273
1785	15.2680	1.5277
1786	15.2680	1.5279
1787	15.2680	1.5281
1788	15.2690	1.5283
1789	15.2690	1.5285
1790	15.2690	1.5290
1791	15.2690	1.5292
1792	15.2690	1.5292
1793	15.2690	1.5294
1794	15.2700	1.5298
1795	15.2700	1.5300
1796	15.2700	1.5303
1797	15.2700	1.5305
1798	15.2700	1.5307
1799	15.2700	1.5307
1800	15.2700	1.5313
1801	15.2710	1.5313
1802	15.2710	1.5315
1803	15.2710	1.5320
1804	15.2710	1.5322
1805	15.2710	1.5324
1806	15.2710	1.5326
1807	15.2720	1.5328
1808	15.2720	1.5330
1809	15.2720	1.5330
1810	15.2720	1.5335
1811	15.2720	1.5337
1812	15.2720	1.5339
1813	15.2720	1.5341
1814	15.2730	1.5345
1815	15.2730	1.5348
1816	15.2730	1.5348
1817	15.2730	1.5350
1818	15.2730	1.5352
1819	15.2740	1.5354
1820	15.2740	1.5358
1821	15.2740	1.5361
1822	15.2740	1.5363
1823	15.2740	1.5365
1824	15.2740	1.5365
1825	15.2740	1.5367
1826	15.2750	1.5371
1827	15.2750	1.5373
1828	15.2750	1.5376
1829	15.2750	1.5378
1830	15.2750	1.5382
1831	15.2760	1.5382
1832	15.2760	1.5384
1833	15.2760	1.5386
1834	15.2760	1.5388
1835	15.2760	1.5391
1836	15.2760	1.5395
1837	15.2760	1.5395
1838	15.2770	1.5397
1839	15.2770	1.5399
1840	15.2770	1.5401
1841	15.2770	1.5403
1842	15.2770	1.5408
1843	15.2780	1.5410
1844	15.2780	1.5412
1845	15.2780	1.5412
1846	15.2780	1.5414
1847	15.2780	1.5416
1848	15.2780	1.5421
1849	15.2780	1.5423
1850	15.2790	1.5425
1851	15.2790	1.5425
1852	15.2790	1.5427
1853	15.2790	1.5431
1854	15.2790	1.5433
1855	15.2800	1.5436
1856	15.2800	1.5438
