Day	P50	StdDev
0	49.1480	1.8599
1	49.3170	1.8629
2	49.4850	1.8657
3	49.6540	1.8691
4	49.8230	1.8719
5	49.9920	1.8747
6	50.1610	1.8777
7	50.3300	1.8805
8	50.4990	1.8830
9	50.6680	1.8861
10	50.8360	1.8891
11	51.0050	1.8918
12	51.1740	1.8946
13	51.3430	1.8972
14	51.5120	1.9000
15	51.6510	1.9030
16	51.7900	1.9067
17	51.9270	1.9094
18	52.0640	1.9129
19	52.2000	1.9159
20	52.3350	1.9193
21	52.4700	1.9221
22	52.6030	1.9253
23	52.7350	1.9288
24	52.8660	1.9318
25	52.9960	1.9345
26	53.1260	1.9376
27	53.2540	1.9408
28	53.3810	1.9438
29	53.5070	1.9468
30	53.6330	1.9496
31	53.7570	1.9526
32	53.8810	1.9560
33	54.0030	1.9588
34	54.1250	1.9616
35	54.2450	1.9644
36	54.3650	1.9678
37	54.4840	1.9704
38	54.6020	1.9730
39	54.7190	1.9762
40	54.8350	1.9785
41	54.9500	1.9815
42	55.0640	1.9841
43	55.1780	1.9871
44	55.2900	1.9895
45	55.4020	1.9925
46	55.5130	1.9953
47	55.6230	1.9974
48	55.7320	2.0004
49	55.8410	2.0032
50	55.9480	2.0060
51	56.0550	2.0082
52	56.1610	2.0107
53	56.2660	2.0133
54	56.3700	2.0161
55	56.4740	2.0185
56	56.5770	2.0212
57	56.6790	2.0236
58	56.7800	2.0262
59	56.8810	2.0285
60	56.9800	2.0311
61	57.0800	2.0333
62	57.1780	2.0358
63	57.2760	2.0382
64	57.3730	2.0406
65	57.4700	2.0433
66	57.5660	2.0455
67	57.6610	2.0479
68	57.7560	2.0502
69	57.8500	2.0524
70	57.9440	2.0549
71	58.0360	2.0569
72	58.1290	2.0592
73	58.2210	2.0620
74	58.3120	2.0639
75	58.4020	2.0659
76	58.4920	2.0687
77	58.5820	2.0706
78	58.6700	2.0732
79	58.7590	2.0751
80	58.8460	2.0775
81	58.9340	2.0794
82	59.0200	2.0818
83	59.1070	2.0839
84	59.1920	2.0863
85	59.2770	2.0880
86	59.3620	2.0906
87	59.4460	2.0927
88	59.5300	2.0946
89	59.6130	2.0968
90	59.6950	2.0985
91	59.7770	2.1009
92	59.8590	2.1030
93	59.9400	2.1047
94	60.0210	2.1069
95	60.1010	2.1092
96	60.1810	2.1116
97	60.2600	2.1131
98	60.3390	2.1152
99	60.4180	2.1174
100	60.4960	2.1195
101	60.5730	2.1217
102	60.6510	2.1230
103	60.7270	2.1251
104	60.8040	2.1273
105	60.8800	2.1294
106	60.9550	2.1313
107	61.0300	2.1335
108	61.1050	2.1354
109	61.1790	2.1373
110	61.2530	2.1386
111	61.3260	2.1406
112	61.3990	2.1425
113	61.4720	2.1444
114	61.5440	2.1464
115	61.6160	2.1483
116	61.6870	2.1502
117	61.7580	2.1519
118	61.8290	2.1539
119	61.8990	2.1556
120	61.9690	2.1573
121	62.0380	2.1599
122	62.1070	2.1618
123	62.1760	2.1635
124	62.2440	2.1652
125	62.3120	2.1670
126	62.3800	2.1685
127	62.4470	2.1704
128	62.5140	2.1719
129	62.5800	2.1738
130	62.6460	2.1760
131	62.7120	2.1777
132	62.7770	2.1794
133	62.8420	2.1809
134	62.9070	2.1824
135	62.9710	2.1848
136	63.0350	2.1865
137	63.0990	2.1880
138	63.1630	2.1895
139	63.2260	2.1912
140	63.2880	2.1933
141	63.3510	2.1948
142	63.4130	2.1964
143	63.4750	2.1983
144	63.5360	2.1998
145	63.5980	2.2015
146	63.6590	2.2036
147	63.7200	2.2049
148	63.7800	2.2064
149	63.8400	2.2086
150	63.9000	2.2099
151	63.9600	2.2114
152	64.0190	2.2133
153	64.0780	2.2150
154	64.1370	2.2163
155	64.1960	2.2182
156	64.2540	2.2197
157	64.3120	2.2219
158	64.3700	2.2232
159	64.4280	2.2251
160	64.4850	2.2266
161	64.5420	2.2277
162	64.5990	2.2296
163	64.6560	2.2309
164	64.7120	2.2328
165	64.7690	2.2343
166	64.8250	2.2361
167	64.8810	2.2376
168	64.9370	2.2393
169	64.9920	2.2408
170	65.0470	2.2427
171	65.1030	2.2444
172	65.1580	2.2457
173	65.2120	2.2476
174	65.2670	2.2489
175	65.3210	2.2509
176	65.3760	2.2519
177	65.4300	2.2539
178	65.4840	2.2556
179	65.5380	2.2569
180	65.5910	2.2588
181	65.6440	2.2607
182	65.6980	2.2618
183	65.7510	2.2635
184	65.8040	2.2648
185	65.8570	2.2665
186	65.9100	2.2685
187	65.9620	2.2702
188	66.0140	2.2715
189	66.0670	2.2732
190	66.1190	2.2749
191	66.1710	2.2760
192	66.2230	2.2777
193	66.2740	2.2796
194	66.3260	2.2807
195	66.3780	2.2826
196	66.4290	2.2841
197	66.4800	2.2861
198	66.5310	2.2878
199	66.5820	2.2888
200	66.6330	2.2906
201	66.6840	2.2923
202	66.7340	2.2942
203	66.7850	2.2953
204	66.8350	2.2968
205	66.8860	2.2985
206	66.9360	2.3004
207	66.9860	2.3021
208	67.0360	2.3039
209	67.0860	2.3047
210	67.1360	2.3067
211	67.1850	2.3082
212	67.2350	2.3099
213	67.2840	2.3116
214	67.3340	2.3135
215	67.3830	2.3150
216	67.4320	2.3167
217	67.4810	2.3176
218	67.5300	2.3193
219	67.5790	2.3210
220	67.6280	2.3227
221	67.6760	2.3242
222	67.7250	2.3262
223	67.7740	2.3277
224	67.8220	2.3294
225	67.8700	2.3311
226	67.9180	2.3328
227	67.9670	2.3343
228	68.0150	2.3361
229	68.0630	2.3378
230	68.1110	2.3393
231	68.1580	2.3410
232	68.2060	2.3427
233	68.2540	2.3442
234	68.3020	2.3459
235	68.3490	2.3476
236	68.3960	2.3491
237	68.4440	2.3506
238	68.4910	2.3524
239	68.5380	2.3541
240	68.5860	2.3556
241	68.6320	2.3573
242	68.6800	2.3590
243	68.7260	2.3605
244	68.7730	2.3620
245	68.8200	2.3635
246	68.8670	2.3655
247	68.9130	2.3670
248	68.9600	2.3685
249	69.0060	2.3702
250	69.0530	2.3717
251	69.0990	2.3738
252	69.1450	2.3755
253	69.1910	2.3770
254	69.2380	2.3788
255	69.2840	2.3805
256	69.3300	2.3818
257	69.3760	2.3835
258	69.4210	2.3852
259	69.4670	2.3867
260	69.5130	2.3888
261	69.5580	2.3903
262	69.6040	2.3921
263	69.6500	2.3936
264	69.6950	2.3953
265	69.7400	2.3968
266	69.7860	2.3989
267	69.8310	2.4004
268	69.8760	2.4021
269	69.9220	2.4036
270	69.9670	2.4052
271	70.0120	2.4075
272	70.0570	2.4088
273	70.1020	2.4105
274	70.1460	2.4120
275	70.1910	2.4137
276	70.2360	2.4159
277	70.2800	2.4174
278	70.3250	2.4189
279	70.3700	2.4204
280	70.4140	2.4219
281	70.4590	2.4242
282	70.5030	2.4258
283	70.5470	2.4273
284	70.5920	2.4288
285	70.6360	2.4309
286	70.6800	2.4326
287	70.7240	2.4339
288	70.7680	2.4363
289	70.8120	2.4378
290	70.8560	2.4393
291	70.9000	2.4408
292	70.9440	2.4429
293	70.9880	2.4444
294	71.0310	2.4461
295	71.0750	2.4481
296	71.1190	2.4498
297	71.1620	2.4513
298	71.2060	2.4528
299	71.2490	2.4549
300	71.2930	2.4564
301	71.3360	2.4579
302	71.3790	2.4601
303	71.4220	2.4616
304	71.4660	2.4631
305	71.5090	2.4652
306	71.5520	2.4667
307	71.5950	2.4682
308	71.6380	2.4704
309	71.6810	2.4719
310	71.7240	2.4736
311	71.7660	2.4758
312	71.8090	2.4770
313	71.8520	2.4794
314	71.8950	2.4809
315	71.9370	2.4822
316	71.9800	2.4845
317	72.0220	2.4858
318	72.0650	2.4873
319	72.1070	2.4897
320	72.1500	2.4912
321	72.1920	2.4931
322	72.2340	2.4948
323	72.2760	2.4961
324	72.3180	2.4983
325	72.3600	2.4998
326	72.4020	2.5019
327	72.4440	2.5032
328	72.4860	2.5049
329	72.5280	2.5071
330	72.5700	2.5084
331	72.6120	2.5107
332	72.6540	2.5120
333	72.6960	2.5144
334	72.7370	2.5157
335	72.7790	2.5172
336	72.8200	2.5193
337	72.8620	2.5206
338	72.9030	2.5230
339	72.9450	2.5242
340	72.9860	2.5266
341	73.0270	2.5279
342	73.0690	2.5300
343	73.1100	2.5313
344	73.1510	2.5335
345	73.1920	2.5350
346	73.2330	2.5365
347	73.2740	2.5386
348	73.3150	2.5401
349	73.3560	2.5423
350	73.3970	2.5438
351	73.4380	2.5459
352	73.4790	2.5472
353	73.5200	2.5491
354	73.5600	2.5506
355	73.6010	2.5528
356	73.6410	2.5543
357	73.6820	2.5562
358	73.7220	2.5577
359	73.7630	2.5601
360	73.8030	2.5614
361	73.8440	2.5635
362	73.8840	2.5648
363	73.9240	2.5672
364	73.9650	2.5685
365	74.0050	2.5706
366	74.0450	2.5721
367	74.0850	2.5742
368	74.1250	2.5755
369	74.1650	2.5777
370	74.2050	2.5798
371	74.2450	2.5811
372	74.2850	2.5833
373	74.3250	2.5845
374	74.3650	2.5867
375	74.4040	2.5882
376	74.4440	2.5903
377	74.4840	2.5918
378	74.5240	2.5938
379	74.5630	2.5953
380	74.6030	2.5972
381	74.6420	2.5994
382	74.6820	2.6009
383	74.7210	2.6030
384	74.7600	2.6045
385	74.8000	2.6064
386	74.8390	2.6077
387	74.8780	2.6099
388	74.9180	2.6114
389	74.9570	2.6133
390	74.9960	2.6155
391	75.0350	2.6167
392	75.0740	2.6189
393	75.1130	2.6202
394	75.1520	2.6223
395	75.1910	2.6238
396	75.2300	2.6260
397	75.2690	2.6281
398	75.3070	2.6294
399	75.3460	2.6313
400	75.3850	2.6328
401	75.4240	2.6350
402	75.4620	2.6369
403	75.5010	2.6384
404	75.5390	2.6406
405	75.5780	2.6418
406	75.6160	2.6440
407	75.6550	2.6461
408	75.6930	2.6472
409	75.7310	2.6496
410	75.7700	2.6509
411	75.8080	2.6528
412	75.8460	2.6549
413	75.8840	2.6564
414	75.9220	2.6586
415	75.9600	2.6599
416	75.9990	2.6620
417	76.0370	2.6639
418	76.0750	2.6652
419	76.1120	2.6672
420	76.1500	2.6693
421	76.1880	2.6708
422	76.2260	2.6730
423	76.2640	2.6742
424	76.3020	2.6762
425	76.3390	2.6783
426	76.3770	2.6798
427	76.4150	2.6818
428	76.4520	2.6839
429	76.4900	2.6852
430	76.5270	2.6871
431	76.5650	2.6893
432	76.6020	2.6906
433	76.6400	2.6929
434	76.6770	2.6940
435	76.7140	2.6961
436	76.7520	2.6981
437	76.7890	2.6996
438	76.8260	2.7017
439	76.8630	2.7036
440	76.9000	2.7049
441	76.9370	2.7071
442	76.9740	2.7092
443	77.0110	2.7105
444	77.0480	2.7124
445	77.0850	2.7146
446	77.1220	2.7159
447	77.1590	2.7180
448	77.1960	2.7200
449	77.2330	2.7212
450	77.2700	2.7234
451	77.3060	2.7247
452	77.3430	2.7266
453	77.3800	2.7288
454	77.4160	2.7300
455	77.4530	2.7322
456	77.4890	2.7341
457	77.5260	2.7354
458	77.5620	2.7376
459	77.5990	2.7395
460	77.6350	2.7408
461	77.6720	2.7429
462	77.7080	2.7451
463	77.7440	2.7464
464	77.7800	2.7483
465	77.8170	2.7504
466	77.8530	2.7515
467	77.8890	2.7536
468	77.9250	2.7558
469	77.9610	2.7577
470	77.9970	2.7590
471	78.0330	2.7612
472	78.0690	2.7633
473	78.1050	2.7646
474	78.1410	2.7665
475	78.1770	2.7687
476	78.2130	2.7700
477	78.2490	2.7721
478	78.2850	2.7740
479	78.3200	2.7753
480	78.3560	2.7773
481	78.3920	2.7794
482	78.4280	2.7805
483	78.4630	2.7826
484	78.4990	2.7845
485	78.5340	2.7861
486	78.5700	2.7880
487	78.6060	2.7899
488	78.6410	2.7923
489	78.6760	2.7933
490	78.7120	2.7953
491	78.7470	2.7974
492	78.7830	2.7987
493	78.8180	2.8009
494	78.8530	2.8028
495	78.8880	2.8041
496	78.9240	2.8062
497	78.9590	2.8082
498	78.9940	2.8094
499	79.0290	2.8114
500	79.0640	2.8133
501	79.0990	2.8155
502	79.1340	2.8167
503	79.1690	2.8187
504	79.2040	2.8208
505	79.2390	2.8221
506	79.2740	2.8240
507	79.3090	2.8262
508	79.3440	2.8275
509	79.3790	2.8294
510	79.4130	2.8315
511	79.4480	2.8335
512	79.4830	2.8348
513	79.5180	2.8367
514	79.5520	2.8386
515	79.5870	2.8399
516	79.6210	2.8421
517	79.6560	2.8440
518	79.6900	2.8461
519	79.7250	2.8472
520	79.7590	2.8494
521	79.7940	2.8513
522	79.8280	2.8526
523	79.8630	2.8547
524	79.8970	2.8567
525	79.9310	2.8586
526	79.9660	2.8599
527	80.0000	2.8618
528	80.0340	2.8639
529	80.0680	2.8652
530	80.1020	2.8672
531	80.1360	2.8693
532	80.1710	2.8712
533	80.2050	2.8723
534	80.2390	2.8745
535	80.2730	2.8764
536	80.3070	2.8777
537	80.3410	2.8796
538	80.3740	2.8818
539	80.4080	2.8839
540	80.4420	2.8850
541	80.4760	2.8871
542	80.5100	2.8888
543	80.5440	2.8901
544	80.5770	2.8921
545	80.6110	2.8942
546	80.6450	2.8961
547	80.6780	2.8976
548	80.7120	2.8996
549	80.7460	2.9015
550	80.7790	2.9034
551	80.8130	2.9047
552	80.8460	2.9067
553	80.8800	2.9088
554	80.9130	2.9099
555	80.9470	2.9120
556	80.9800	2.9139
557	81.0140	2.9161
558	81.0470	2.9172
559	81.0800	2.9191
560	81.1130	2.9212
561	81.1470	2.9232
562	81.1800	2.9245
563	81.2130	2.9264
564	81.2460	2.9283
565	81.2800	2.9303
566	81.3130	2.9315
567	81.3460	2.9337
568	81.3790	2.9356
569	81.4120	2.9369
570	81.4450	2.9388
571	81.4780	2.9408
572	81.5110	2.9429
573	81.5440	2.9440
574	81.5770	2.9461
575	81.6100	2.9479
576	81.6420	2.9500
577	81.6750	2.9511
578	81.7080	2.9532
579	81.7410	2.9552
580	81.7740	2.9573
581	81.8060	2.9584
582	81.8390	2.9605
583	81.8720	2.9624
584	81.9040	2.9635
585	81.9370	2.9657
586	81.9690	2.9676
587	82.0020	2.9695
588	82.0340	2.9706
589	82.0670	2.9725
590	82.0990	2.9747
591	82.1320	2.9768
592	82.1640	2.9779
593	82.1970	2.9798
594	82.2290	2.9820
595	82.2610	2.9839
596	82.2940	2.9850
597	82.3260	2.9871
598	82.3580	2.9891
599	82.3910	2.9910
600	82.4230	2.9923
601	82.4550	2.9940
602	82.4870	2.9961
603	82.5190	2.9981
604	82.5510	2.9994
605	82.5840	3.0015
606	82.6160	3.0032
607	82.6480	3.0054
608	82.6800	3.0064
609	82.7120	3.0084
610	82.7440	3.0105
611	82.7760	3.0122
612	82.8070	3.0135
613	82.8390	3.0157
614	82.8710	3.0176
615	82.9030	3.0197
616	82.9350	3.0206
617	82.9670	3.0227
618	82.9980	3.0247
619	83.0300	3.0258
620	83.0620	3.0279
621	83.0940	3.0298
622	83.1250	3.0318
623	83.1570	3.0330
624	83.1880	3.0350
625	83.2200	3.0369
626	83.2520	3.0388
627	83.2830	3.0399
628	83.3150	3.0421
629	83.3460	3.0440
630	83.3780	3.0461
631	83.4090	3.0472
632	83.4400	3.0491
633	83.4720	3.0511
634	83.5030	3.0532
635	83.5340	3.0543
636	83.5660	3.0562
637	83.5970	3.0584
638	83.6280	3.0603
639	83.6600	3.0612
640	83.6910	3.0633
641	83.7220	3.0652
642	83.7530	3.0674
643	83.7840	3.0685
644	83.8150	3.0704
645	83.8460	3.0723
646	83.8770	3.0745
647	83.9080	3.0753
648	83.9400	3.0775
649	83.9700	3.0796
650	84.0010	3.0813
651	84.0320	3.0826
652	84.0630	3.0845
653	84.0940	3.0865
654	84.1250	3.0884
655	84.1560	3.0895
656	84.1870	3.0916
657	84.2170	3.0933
658	84.2480	3.0955
659	84.2790	3.0966
660	84.3100	3.0985
661	84.3400	3.1006
662	84.3710	3.1026
663	84.4020	3.1036
664	84.4320	3.1056
665	84.4630	3.1075
666	84.4930	3.1097
667	84.5240	3.1107
668	84.5540	3.1127
669	84.5850	3.1146
670	84.6150	3.1165
671	84.6460	3.1176
672	84.6760	3.1197
673	84.7070	3.1217
674	84.7370	3.1236
675	84.7670	3.1247
676	84.7980	3.1266
677	84.8280	3.1288
678	84.8580	3.1307
679	84.8880	3.1315
680	84.9190	3.1337
681	84.9490	3.1356
682	84.9790	3.1378
683	85.0090	3.1388
684	85.0390	3.1406
685	85.0700	3.1427
686	85.1000	3.1446
687	85.1300	3.1457
688	85.1600	3.1476
689	85.1900	3.1496
690	85.2200	3.1517
691	85.2500	3.1526
692	85.2800	3.1547
693	85.3100	3.1567
694	85.3400	3.1577
695	85.3690	3.1597
696	85.3990	3.1616
697	85.4290	3.1635
698	85.4590	3.1648
699	85.4890	3.1667
700	85.5180	3.1685
701	85.5480	3.1706
702	85.5780	3.1717
703	85.6080	3.1736
704	85.6370	3.1755
705	85.6670	3.1775
706	85.6960	3.1788
707	85.7260	3.1807
708	85.7560	3.1826
709	85.7850	3.1845
710	85.8150	3.1856
711	85.8440	3.1876
712	85.8740	3.1895
713	85.9030	3.1914
714	85.9330	3.1925
715	85.9620	3.1944
716	85.9920	3.1964
717	86.0210	3.1983
718	86.0500	3.1996
719	86.0800	3.2015
720	86.1090	3.2034
721	86.1380	3.2054
722	86.1670	3.2064
723	86.1970	3.2084
724	86.2260	3.2103
725	86.2550	3.2114
726	86.2840	3.2133
727	86.3130	3.2152
728	86.3430	3.2174
729	86.3720	3.2182
730	86.4010	3.2202
731	85.7300	3.2219
732	85.7590	3.2236
733	85.7880	3.2258
734	85.8170	3.2275
735	85.8460	3.2288
736	85.8750	3.2307
737	85.9040	3.2326
738	85.9330	3.2345
739	85.9620	3.2356
740	85.9910	3.2376
741	86.0190	3.2397
742	86.0480	3.2406
743	86.0770	3.2425
744	86.1060	3.2446
745	86.1350	3.2466
746	86.1630	3.2474
747	86.1920	3.2494
748	86.2210	3.2515
749	86.2500	3.2534
750	86.2780	3.2545
751	86.3070	3.2564
752	86.3360	3.2582
753	86.3640	3.2594
754	86.3930	3.2614
755	86.4210	3.2633
756	86.4500	3.2652
757	86.4780	3.2663
758	86.5070	3.2682
759	86.5350	3.2702
760	86.5640	3.2721
761	86.5920	3.2732
762	86.6210	3.2753
763	86.6490	3.2773
764	86.6770	3.2783
765	86.7060	3.2800
766	86.7340	3.2820
767	86.7620	3.2839
768	86.7910	3.2852
769	86.8190	3.2871
770	86.8470	3.2888
771	86.8750	3.2908
772	86.9040	3.2921
773	86.9320	3.2940
774	86.9600	3.2957
775	86.9880	3.2970
776	87.0160	3.2989
777	87.0440	3.3006
778	87.0720	3.3028
779	87.1010	3.3036
780	87.1290	3.3058
781	87.1570	3.3075
782	87.1850	3.3088
783	87.2130	3.3105
784	87.2410	3.3127
785	87.2690	3.3144
786	87.2960	3.3157
787	87.3240	3.3174
788	87.3520	3.3195
789	87.3800	3.3206
790	87.4080	3.3223
791	87.4360	3.3245
792	87.4640	3.3264
793	87.4910	3.3273
794	87.5190	3.3292
795	87.5470	3.3313
796	87.5750	3.3333
797	87.6020	3.3341
798	87.6300	3.3361
799	87.6580	3.3380
800	87.6850	3.3391
801	87.7130	3.3410
802	87.7400	3.3431
803	87.7680	3.3448
804	87.7960	3.3459
805	87.8230	3.3479
806	87.8510	3.3498
807	87.8780	3.3509
808	87.9060	3.3526
809	87.9330	3.3545
810	87.9600	3.3556
811	87.9880	3.3575
812	88.0150	3.3594
813	88.0430	3.3616
814	88.0700	3.3627
815	88.0970	3.3646
816	88.1250	3.3663
817	88.1520	3.3674
818	88.1790	3.3693
819	88.2060	3.3715
820	88.2340	3.3732
821	88.2610	3.3742
822	88.2880	3.3760
823	88.3150	3.3781
824	88.3420	3.3792
825	88.3700	3.3809
826	88.3970	3.3830
827	88.4240	3.3848
828	88.4510	3.3858
829	88.4780	3.3878
830	88.5050	3.3897
831	88.5320	3.3908
832	88.5590	3.3927
833	88.5860	3.3946
834	88.6130	3.3955
835	88.6400	3.3976
836	88.6660	3.3994
837	88.6930	3.4013
838	88.7200	3.4024
839	88.7470	3.4043
840	88.7740	3.4062
841	88.8000	3.4071
842	88.8270	3.4092
843	88.8540	3.4112
844	88.8810	3.4122
845	88.9070	3.4139
846	88.9340	3.4159
847	88.9610	3.4178
848	88.9870	3.4189
849	89.0140	3.4206
850	89.0410	3.4225
851	89.0670	3.4236
852	89.0940	3.4258
853	89.1200	3.4275
854	89.1470	3.4285
855	89.1730	3.4305
856	89.2000	3.4324
857	89.2260	3.4343
858	89.2530	3.4354
859	89.2790	3.4373
860	89.3060	3.4393
861	89.3320	3.4401
862	89.3580	3.4421
863	89.3850	3.4440
864	89.4110	3.4451
865	89.4370	3.4468
866	89.4640	3.4487
867	89.4900	3.4498
868	89.5160	3.4515
869	89.5420	3.4536
870	89.5680	3.4556
871	89.5950	3.4564
872	89.6210	3.4584
873	89.6470	3.4603
874	89.6730	3.4614
875	89.6990	3.4631
876	89.7250	3.4652
877	89.7510	3.4661
878	89.7770	3.4680
879	89.8030	3.4700
880	89.8290	3.4710
881	89.8550	3.4727
882	89.8810	3.4747
883	89.9070	3.4758
884	89.9330	3.4777
885	89.9590	3.4794
886	89.9850	3.4807
887	90.0110	3.4824
888	90.0370	3.4843
889	90.0620	3.4861
890	90.0880	3.4873
891	90.1140	3.4893
892	90.1400	3.4910
893	90.1660	3.4921
894	90.1910	3.4940
895	90.2170	3.4957
896	90.2430	3.4968
897	90.2680	3.4987
898	90.2940	3.5004
899	90.3200	3.5015
900	90.3450	3.5034
901	90.3710	3.5054
902	90.3960	3.5062
903	90.4220	3.5082
904	90.4480	3.5101
905	90.4730	3.5112
906	90.4990	3.5131
907	90.5240	3.5150
908	90.5500	3.5161
909	90.5750	3.5180
910	90.6000	3.5197
911	90.6260	3.5206
912	90.6510	3.5225
913	90.6760	3.5247
914	90.7020	3.5253
915	90.7270	3.5275
916	90.7520	3.5294
917	90.7780	3.5303
918	90.8030	3.5322
919	90.8280	3.5341
920	90.8540	3.5350
921	90.8790	3.5369
922	90.9040	3.5386
923	90.9290	3.5397
924	90.9540	3.5416
925	90.9800	3.5436
926	91.0050	3.5444
927	91.0300	3.5464
928	91.0550	3.5483
929	91.0800	3.5494
930	91.1050	3.5511
931	91.1300	3.5532
932	91.1550	3.5541
933	91.1800	3.5558
934	91.2050	3.5579
935	91.2300	3.5588
936	91.2550	3.5605
937	91.2800	3.5627
938	91.3050	3.5635
939	91.3300	3.5655
940	91.3540	3.5672
941	91.3790	3.5682
942	91.4040	3.5702
943	91.4290	3.5721
944	91.4540	3.5730
945	91.4790	3.5749
946	91.5040	3.5766
947	91.5280	3.5777
948	91.5530	3.5794
949	91.5780	3.5815
950	91.6020	3.5824
951	91.6270	3.5843
952	91.6520	3.5854
953	91.6760	3.5871
954	91.7010	3.5891
955	91.7260	3.5899
956	91.7500	3.5918
957	91.7750	3.5938
958	91.8000	3.5946
959	91.8240	3.5966
960	91.8490	3.5985
961	91.8730	3.5996
962	91.8980	3.6013
963	91.9220	3.6032
964	91.9470	3.6041
965	91.9710	3.6060
966	91.9960	3.6079
967	92.0200	3.6090
968	92.0440	3.6107
969	92.0690	3.6116
970	92.0930	3.6135
971	92.1180	3.6157
972	92.1420	3.6163
973	92.1660	3.6182
974	92.1910	3.6202
975	92.2150	3.6210
976	92.2390	3.6230
977	92.2640	3.6247
978	92.2880	3.6258
979	92.3120	3.6279
980	92.3360	3.6288
981	92.3600	3.6307
982	92.3850	3.6324
983	92.4090	3.6335
984	92.4330	3.6352
985	92.4570	3.6371
986	92.4810	3.6380
987	92.5050	3.6399
988	92.5300	3.6418
989	92.5540	3.6427
990	92.5780	3.6446
991	92.6020	3.6455
992	92.6260	3.6474
993	92.6500	3.6494
994	92.6740	3.6502
995	92.6980	3.6519
996	92.7220	3.6541
997	92.7460	3.6549
998	92.7700	3.6567
999	92.7940	3.6577
1000	92.8180	3.6597
1001	92.8420	3.6616
1002	92.8660	3.6624
1003	92.8900	3.6642
1004	92.9140	3.6663
1005	92.9370	3.6672
1006	92.9610	3.6691
1007	92.9850	3.6700
1008	93.0090	3.6717
1009	93.0330	3.6736
1010	93.0560	3.6745
1011	93.0800	3.6766
1012	93.1040	3.6783
1013	93.1280	3.6794
1014	93.1520	3.6813
1015	93.1750	3.6822
1016	93.1990	3.6841
1017	93.2230	3.6858
1018	93.2460	3.6869
1019	93.2700	3.6886
1020	93.2940	3.6897
1021	93.3180	3.6916
1022	93.3410	3.6933
1023	93.3650	3.6942
1024	93.3880	3.6961
1025	93.4120	3.6970
1026	93.4360	3.6989
1027	93.4590	3.7009
1028	93.4830	3.7017
1029	93.5060	3.7036
1030	93.5300	3.7054
1031	93.5530	3.7062
1032	93.5770	3.7082
1033	93.6000	3.7092
1034	93.6240	3.7112
1035	93.6470	3.7129
1036	93.6710	3.7137
1037	93.6940	3.7157
1038	93.7180	3.7165
1039	93.7410	3.7185
1040	93.7650	3.7204
1041	93.7880	3.7215
1042	93.8110	3.7232
1043	93.8350	3.7240
1044	93.8580	3.7260
1045	93.8810	3.7277
1046	93.9050	3.7288
1047	93.9280	3.7305
1048	93.9510	3.7315
1049	93.9750	3.7335
1050	93.9980	3.7352
1051	94.0210	3.7363
1052	94.0450	3.7380
1053	94.0680	3.7391
1054	94.0910	3.7408
1055	94.1140	3.7427
1056	94.1380	3.7436
1057	94.1610	3.7455
1058	94.1840	3.7464
1059	94.2070	3.7483
1060	94.2300	3.7502
1061	94.2540	3.7509
1062	94.2770	3.7530
1063	94.3000	3.7539
1064	94.3230	3.7558
1065	94.3460	3.7575
1066	94.3690	3.7584
1067	94.3920	3.7603
1068	94.4150	3.7612
1069	94.4380	3.7631
1070	94.4620	3.7642
1071	94.4840	3.7659
1072	94.5080	3.7676
1073	94.5310	3.7687
1074	94.5540	3.7706
1075	94.5770	3.7715
1076	94.6000	3.7732
1077	94.6230	3.7753
1078	94.6460	3.7762
1079	94.6680	3.7779
1080	94.6910	3.7788
1081	94.7140	3.7809
1082	94.7370	3.7826
1083	94.7600	3.7835
1084	94.7830	3.7854
1085	94.8060	3.7863
1086	94.8290	3.7882
1087	94.8520	3.7891
1088	94.8750	3.7910
1089	94.8980	3.7929
1090	94.9200	3.7938
1091	94.9430	3.7955
1092	94.9660	3.7966
1093	94.9890	3.7983
1094	95.0120	3.7994
1095	95.0340	3.8011
1096	95.0570	3.8030
1097	95.0800	3.8039
1098	95.1030	3.8058
1099	95.1250	3.8067
1100	95.1480	3.8086
1101	95.1710	3.8094
1102	95.1940	3.8114
1103	95.2160	3.8131
1104	95.2390	3.8142
1105	95.2620	3.8159
1106	95.2840	3.8170
1107	95.3070	3.8189
1108	95.3300	3.8195
1109	95.3520	3.8215
1110	95.3750	3.8232
1111	95.3980	3.8242
1112	95.4200	3.8262
1113	95.4430	3.8270
1114	95.4650	3.8290
1115	95.4880	3.8296
1116	95.5100	3.8315
1117	95.5330	3.8335
1118	95.5560	3.8343
1119	95.5780	3.8363
1120	95.6010	3.8371
1121	95.6230	3.8391
1122	95.6460	3.8399
1123	95.6680	3.8416
1124	95.6910	3.8436
1125	95.7130	3.8446
1126	95.7360	3.8464
1127	95.7580	3.8472
1128	95.7800	3.8491
1129	95.8030	3.8502
1130	95.8250	3.8517
1131	95.8480	3.8528
1132	95.8700	3.8547
1133	95.8930	3.8564
1134	95.9150	3.8575
1135	95.9370	3.8592
1136	95.9600	3.8601
1137	95.9820	3.8620
1138	96.0040	3.8629
1139	96.0270	3.8648
1140	96.0490	3.8665
1141	96.0710	3.8676
1142	96.0940	3.8693
1143	96.1160	3.8704
1144	96.1380	3.8721
1145	96.1610	3.8732
1146	96.1830	3.8749
1147	96.2050	3.8758
1148	96.2270	3.8777
1149	96.2500	3.8788
1150	96.2720	3.8805
1151	96.2940	3.8824
1152	96.3160	3.8833
1153	96.3380	3.8850
1154	96.3610	3.8861
1155	96.3830	3.8878
1156	96.4050	3.8886
1157	96.4270	3.8906
1158	96.4490	3.8914
1159	96.4710	3.8933
1160	96.4930	3.8951
1161	96.5160	3.8959
1162	96.5380	3.8979
1163	96.5600	3.8987
1164	96.5820	3.9006
1165	96.6040	3.9015
1166	96.6260	3.9034
1167	96.6480	3.9043
1168	96.6700	3.9060
1169	96.6920	3.9069
1170	96.7140	3.9090
1171	96.7360	3.9107
1172	96.7580	3.9116
1173	96.7800	3.9135
1174	96.8020	3.9144
1175	96.8240	3.9163
1176	96.8460	3.9172
1177	96.8680	3.9189
1178	96.8900	3.9197
1179	96.9120	3.9217
1180	96.9340	3.9225
1181	96.9560	3.9245
1182	96.9780	3.9253
1183	97.0000	3.9273
1184	97.0220	3.9290
1185	97.0430	3.9298
1186	97.0650	3.9318
1187	97.0870	3.9326
1188	97.1090	3.9343
1189	97.1310	3.9354
1190	97.1530	3.9371
1191	97.1740	3.9380
1192	97.1960	3.9399
1193	97.2180	3.9408
1194	97.2400	3.9427
1195	97.2620	3.9436
1196	97.2830	3.9455
1197	97.3050	3.9472
1198	97.3270	3.9481
1199	97.3490	3.9500
1200	97.3700	3.9509
1201	97.3920	3.9528
1202	97.4140	3.9536
1203	97.4360	3.9556
1204	97.4570	3.9564
1205	97.4790	3.9584
1206	97.5010	3.9590
1207	97.5220	3.9609
1208	97.5440	3.9618
1209	97.5660	3.9637
1210	97.5870	3.9646
1211	97.6090	3.9665
1212	97.6310	3.9672
1213	97.6520	3.9691
1214	97.6740	3.9710
1215	97.6950	3.9719
1216	97.7170	3.9738
1217	97.7380	3.9745
1218	97.7600	3.9764
1219	97.7820	3.9775
1220	97.8030	3.9792
1221	97.8250	3.9800
1222	97.8460	3.9820
1223	97.8680	3.9828
1224	97.8890	3.9848
1225	97.9110	3.9856
1226	97.9320	3.9873
1227	97.9540	3.9884
1228	97.9750	3.9901
1229	97.9970	3.9910
1230	98.0180	3.9929
1231	98.0400	3.9938
1232	98.0610	3.9957
1233	98.0820	3.9964
1234	98.1040	3.9983
1235	98.1250	3.9991
1236	98.1470	4.0011
1237	98.1680	4.0030
1238	98.1900	4.0036
1239	98.2110	4.0056
1240	98.2320	4.0064
1241	98.2540	4.0084
1242	98.2750	4.0092
1243	98.2960	4.0109
1244	98.3180	4.0118
1245	98.3390	4.0137
1246	98.3600	4.0146
1247	98.3820	4.0165
1248	98.4030	4.0174
1249	98.4240	4.0193
1250	98.4450	4.0202
1251	98.4670	4.0221
1252	98.4880	4.0227
1253	98.5090	4.0247
1254	98.5300	4.0255
1255	98.5520	4.0273
1256	98.5730	4.0283
1257	98.5940	4.0300
1258	98.6150	4.0309
1259	98.6360	4.0328
1260	98.6580	4.0337
1261	98.6790	4.0354
1262	98.7000	4.0365
1263	98.7210	4.0382
1264	98.7420	4.0391
1265	98.7630	4.0410
1266	98.7840	4.0418
1267	98.8050	4.0436
1268	98.8260	4.0444
1269	98.8480	4.0466
1270	98.8690	4.0472
1271	98.8900	4.0491
1272	98.9110	4.0500
1273	98.9320	4.0519
1274	98.9530	4.0536
1275	98.9740	4.0545
1276	98.9950	4.0562
1277	99.0160	4.0571
1278	99.0370	4.0592
1279	99.0580	4.0601
1280	99.0790	4.0618
1281	99.1000	4.0627
1282	99.1210	4.0646
1283	99.1420	4.0655
1284	99.1630	4.0672
1285	99.1840	4.0680
1286	99.2050	4.0700
1287	99.2260	4.0706
1288	99.2460	4.0727
1289	99.2670	4.0736
1290	99.2880	4.0753
1291	99.3090	4.0762
1292	99.3300	4.0781
1293	99.3510	4.0790
1294	99.3720	4.0807
1295	99.3930	4.0818
1296	99.4130	4.0835
1297	99.4340	4.0843
1298	99.4550	4.0863
1299	99.4760	4.0871
1300	99.4970	4.0888
1301	99.5170	4.0897
1302	99.5380	4.0916
1303	99.5590	4.0923
1304	99.5800	4.0942
1305	99.6000	4.0951
1306	99.6210	4.0970
1307	99.6420	4.0979
1308	99.6630	4.0998
1309	99.6830	4.1006
1310	99.7040	4.1024
1311	99.7250	4.1032
1312	99.7460	4.1049
1313	99.7660	4.1060
1314	99.7870	4.1077
1315	99.8080	4.1088
1316	99.8280	4.1105
1317	99.8490	4.1114
1318	99.8700	4.1131
1319	99.8900	4.1142
1320	99.9110	4.1159
1321	99.9310	4.1167
1322	99.9520	4.1176
1323	99.9720	4.1195
1324	99.9930	4.1202
1325	100.0140	4.1221
1326	100.0340	4.1230
1327	100.0550	4.1249
1328	100.0750	4.1255
1329	100.0960	4.1275
1330	100.1160	4.1283
1331	100.1370	4.1300
1332	100.1570	4.1311
1333	100.1780	4.1328
1334	100.1980	4.1337
1335	100.2190	4.1356
1336	100.2390	4.1363
1337	100.2600	4.1382
1338	100.2800	4.1391
1339	100.3010	4.1410
1340	100.3210	4.1418
1341	100.3420	4.1436
1342	100.3620	4.1446
1343	100.3820	4.1464
1344	100.4030	4.1472
1345	100.4230	4.1489
1346	100.4440	4.1500
1347	100.4640	4.1515
1348	100.4840	4.1526
1349	100.5050	4.1543
1350	100.5250	4.1554
1351	100.5450	4.1571
1352	100.5660	4.1579
1353	100.5860	4.1597
1354	100.6060	4.1605
1355	100.6270	4.1624
1356	100.6470	4.1633
1357	100.6670	4.1652
1358	100.6880	4.1659
1359	100.7080	4.1678
1360	100.7280	4.1687
1361	100.7480	4.1704
1362	100.7680	4.1715
1363	100.7890	4.1721
1364	100.8090	4.1740
1365	100.8290	4.1747
1366	100.8490	4.1766
1367	100.8700	4.1775
1368	100.8900	4.1794
1369	100.9100	4.1803
1370	100.9300	4.1820
1371	100.9500	4.1828
1372	100.9700	4.1848
1373	100.9900	4.1856
1374	101.0110	4.1873
1375	101.0310	4.1882
1376	101.0510	4.1901
1377	101.0710	4.1910
1378	101.0910	4.1927
1379	101.1110	4.1936
1380	101.1310	4.1955
1381	101.1510	4.1964
1382	101.1710	4.1981
1383	101.1920	4.1989
1384	101.2120	4.2006
1385	101.2320	4.2015
1386	101.2520	4.2034
1387	101.2720	4.2043
1388	101.2920	4.2052
1389	101.3120	4.2069
1390	101.3320	4.2077
1391	101.3520	4.2097
1392	101.3720	4.2105
1393	101.3920	4.2122
1394	101.4120	4.2131
1395	101.4320	4.2148
1396	101.4520	4.2157
1397	101.4710	4.2176
1398	101.4910	4.2185
1399	101.5110	4.2204
1400	101.5310	4.2210
1401	101.5510	4.2230
1402	101.5710	4.2236
1403	101.5910	4.2258
1404	101.6110	4.2264
1405	101.6310	4.2283
1406	101.6500	4.2290
1407	101.6700	4.2298
1408	101.6900	4.2318
1409	101.7100	4.2326
1410	101.7300	4.2343
1411	101.7500	4.2354
1412	101.7700	4.2371
1413	101.7890	4.2380
1414	101.8090	4.2399
1415	101.8290	4.2408
1416	101.8490	4.2425
1417	101.8680	4.2431
1418	101.8880	4.2451
1419	101.9080	4.2459
1420	101.9280	4.2479
1421	101.9480	4.2487
1422	101.9670	4.2504
1423	101.9870	4.2511
1424	102.0070	4.2521
1425	102.0260	4.2539
1426	102.0460	4.2549
1427	102.0660	4.2567
1428	102.0860	4.2573
1429	102.1050	4.2592
1430	102.1250	4.2601
1431	102.1450	4.2620
1432	102.1640	4.2627
1433	102.1840	4.2646
1434	102.2040	4.2655
1435	102.2230	4.2672
1436	102.2430	4.2680
1437	102.2620	4.2689
1438	102.2820	4.2708
1439	102.3020	4.2715
1440	102.3210	4.2734
1441	102.3410	4.2742
1442	102.3600	4.2762
1443	102.3800	4.2768
1444	102.4000	4.2788
1445	102.4190	4.2794
1446	102.4390	4.2813
1447	102.4580	4.2822
1448	102.4780	4.2841
1449	102.4970	4.2848
1450	102.5170	4.2856
1451	102.5360	4.2873
1452	102.5560	4.2884
1453	102.5750	4.2901
1454	102.5950	4.2910
1455	102.6140	4.2929
1456	102.6340	4.2936
1457	102.6530	4.2955
1458	102.6730	4.2964
1459	102.6920	4.2981
1460	102.7120	4.2989
1461	102.7310	4.3009
1462	102.7510	4.3015
1463	102.7700	4.3026
1464	102.7900	4.3041
1465	102.8090	4.3052
1466	102.8280	4.3069
1467	102.8480	4.3077
1468	102.8670	4.3094
1469	102.8860	4.3105
1470	102.9060	4.3122
1471	102.9250	4.3129
1472	102.9450	4.3148
1473	102.9640	4.3155
1474	102.9830	4.3165
1475	103.0030	4.3182
1476	103.0220	4.3193
1477	103.0410	4.3208
1478	103.0610	4.3217
1479	103.0800	4.3236
1480	103.0990	4.3245
1481	103.1190	4.3264
1482	103.1380	4.3270
1483	103.1570	4.3290
1484	103.1760	4.3298
1485	103.1960	4.3305
1486	103.2150	4.3324
1487	103.2340	4.3333
1488	103.2540	4.3350
1489	103.2730	4.3358
1490	103.2920	4.3378
1491	103.3110	4.3384
1492	103.3310	4.3403
1493	103.3500	4.3412
1494	103.3690	4.3429
1495	103.3880	4.3438
1496	103.4070	4.3444
1497	103.4270	4.3466
1498	103.4460	4.3472
1499	103.4650	4.3489
1500	103.4840	4.3498
1501	103.5030	4.3517
1502	103.5220	4.3526
1503	103.5420	4.3543
1504	103.5610	4.3552
1505	103.5800	4.3558
1506	103.5990	4.3579
1507	103.6180	4.3586
1508	103.6370	4.3603
1509	103.6560	4.3612
1510	103.6760	4.3631
1511	103.6950	4.3639
1512	103.7140	4.3657
1513	103.7330	4.3665
1514	103.7520	4.3674
1515	103.7710	4.3691
1516	103.7900	4.3700
1517	103.8090	4.3719
1518	103.8280	4.3725
1519	103.8470	4.3745
1520	103.8660	4.3753
1521	103.8850	4.3770
1522	103.9040	4.3779
1523	103.9240	4.3788
1524	103.9420	4.3805
1525	103.9620	4.3813
1526	103.9810	4.3830
1527	104.0000	4.3839
1528	104.0190	4.3858
1529	104.0380	4.3865
1530	104.0560	4.3886
1531	104.0760	4.3891
1532	104.0940	4.3899
1533	104.1140	4.3921
1534	104.1320	4.3927
1535	104.1510	4.3946
1536	104.1700	4.3953
1537	104.1890	4.3972
1538	104.2080	4.3979
1539	104.2270	4.3987
1540	104.2460	4.4006
1541	104.2650	4.4013
1542	104.2840	4.4032
1543	104.3030	4.4041
1544	104.3220	4.4058
1545	104.3410	4.4067
1546	104.3600	4.4084
1547	104.3780	4.4092
1548	104.3970	4.4101
1549	104.4160	4.4120
1550	104.4350	4.4129
1551	104.4540	4.4146
1552	104.4730	4.4155
1553	104.4920	4.4174
1554	104.5100	4.4180
1555	104.5290	4.4189
1556	104.5480	4.4206
1557	104.5670	4.4215
1558	104.5860	4.4234
1559	104.6040	4.4242
1560	104.6230	4.4260
1561	104.6420	4.4266
1562	104.6610	4.4285
1563	104.6800	4.4294
1564	104.6980	4.4303
1565	104.7170	4.4320
1566	104.7360	4.4326
1567	104.7550	4.4345
1568	104.7740	4.4354
1569	104.7920	4.4373
1570	104.8110	4.4382
1571	104.8300	4.4388
1572	104.8480	4.4406
1573	104.8670	4.4414
1574	104.8860	4.4433
1575	104.9050	4.4440
1576	104.9230	4.4459
1577	104.9420	4.4468
1578	104.9610	4.4474
1579	104.9790	4.4494
1580	104.9980	4.4502
1581	105.0170	4.4521
1582	105.0350	4.4528
1583	105.0540	4.4545
1584	105.0730	4.4554
1585	105.0910	4.4562
1586	105.1100	4.4579
1587	105.1290	4.4588
1588	105.1470	4.4607
1589	105.1660	4.4614
1590	105.1850	4.4633
1591	105.2030	4.4642
1592	105.2220	4.4648
1593	105.2400	4.4667
1594	105.2590	4.4674
1595	105.2780	4.4693
1596	105.2960	4.4702
1597	105.3150	4.4721
1598	105.3330	4.4727
1599	105.3520	4.4734
1600	105.3700	4.4753
1601	105.3890	4.4764
1602	105.4080	4.4779
1603	105.4260	4.4790
1604	105.4450	4.4807
1605	105.4630	4.4815
1606	105.4820	4.4822
1607	105.5000	4.4841
1608	105.5190	4.4850
1609	105.5370	4.4869
1610	105.5560	4.4876
1611	105.5740	4.4895
1612	105.5930	4.4901
1613	105.6110	4.4908
1614	105.6300	4.4927
1615	105.6480	4.4936
1616	105.6670	4.4953
1617	105.6850	4.4961
1618	105.7040	4.4981
1619	105.7220	4.4987
1620	105.7410	4.4996
1621	105.7590	4.5013
1622	105.7780	4.5024
1623	105.7960	4.5039
1624	105.8140	4.5049
1625	105.8330	4.5056
1626	105.8510	4.5075
1627	105.8700	4.5084
1628	105.8880	4.5103
1629	105.9060	4.5109
1630	105.9250	4.5127
1631	105.9430	4.5135
1632	105.9620	4.5144
1633	105.9800	4.5163
1634	105.9980	4.5170
1635	106.0170	4.5187
1636	106.0350	4.5195
1637	106.0530	4.5212
1638	106.0720	4.5221
1639	106.0900	4.5230
1640	106.1080	4.5247
1641	106.1270	4.5255
1642	106.1450	4.5275
1643	106.1630	4.5281
1644	106.1820	4.5290
1645	106.2000	4.5309
1646	106.2180	4.5315
1647	106.2370	4.5335
1648	106.2550	4.5343
1649	106.2730	4.5361
1650	106.2920	4.5367
1651	106.3100	4.5376
1652	106.3280	4.5395
1653	106.3460	4.5401
1654	106.3640	4.5423
1655	106.3830	4.5429
1656	106.4010	4.5438
1657	106.4190	4.5455
1658	106.4380	4.5461
1659	106.4560	4.5481
1660	106.4740	4.5489
1661	106.4920	4.5506
1662	106.5100	4.5515
1663	106.5280	4.5521
1664	106.5470	4.5541
1665	106.5650	4.5549
1666	106.5830	4.5567
1667	106.6010	4.5575
1668	106.6200	4.5582
1669	106.6380	4.5603
1670	106.6560	4.5609
1671	106.6740	4.5627
1672	106.6920	4.5635
1673	106.7100	4.5655
1674	106.7280	4.5663
1675	106.7460	4.5667
1676	106.7650	4.5689
1677	106.7830	4.5695
1678	106.8010	4.5712
1679	106.8190	4.5721
1680	106.8370	4.5730
1681	106.8550	4.5747
1682	106.8730	4.5755
1683	106.8910	4.5775
1684	106.9090	4.5783
1685	106.9280	4.5788
1686	106.9460	4.5809
1687	106.9640	4.5815
1688	106.9820	4.5835
1689	107.0000	4.5841
1690	107.0180	4.5861
1691	107.0360	4.5867
1692	107.0540	4.5876
1693	107.0720	4.5893
1694	107.0900	4.5901
1695	107.1080	4.5918
1696	107.1260	4.5927
1697	107.1440	4.5936
1698	107.1620	4.5953
1699	107.1800	4.5961
1700	107.1980	4.5979
1701	107.2160	4.5987
1702	107.2340	4.5996
1703	107.2520	4.6013
1704	107.2700	4.6021
1705	107.2880	4.6041
1706	107.3060	4.6047
1707	107.3240	4.6067
1708	107.3420	4.6075
1709	107.3600	4.6082
1710	107.3780	4.6101
1711	107.3950	4.6107
1712	107.4130	4.6127
1713	107.4310	4.6133
1714	107.4490	4.6142
1715	107.4670	4.6159
1716	107.4850	4.6167
1717	107.5030	4.6187
1718	107.5210	4.6193
1719	107.5390	4.6202
1720	107.5560	4.6221
1721	107.5740	4.6227
1722	107.5920	4.6245
1723	107.6100	4.6253
1724	107.6280	4.6262
1725	107.6460	4.6279
1726	107.6640	4.6288
1727	107.6810	4.6307
1728	107.6990	4.6313
1729	107.7170	4.6330
1730	107.7350	4.6339
1731	107.7530	4.6348
1732	107.7700	4.6367
1733	107.7880	4.6373
1734	107.8060	4.6391
1735	107.8240	4.6399
1736	107.8420	4.6406
1737	107.8590	4.6425
1738	107.8770	4.6433
1739	107.8950	4.6451
1740	107.9130	4.6459
1741	107.9300	4.6466
1742	107.9480	4.6485
1743	107.9660	4.6494
1744	107.9840	4.6511
1745	108.0010	4.6517
1746	108.0190	4.6528
1747	108.0370	4.6545
1748	108.0540	4.6552
1749	108.0720	4.6571
1750	108.0900	4.6579
1751	108.1080	4.6586
1752	108.1250	4.6605
1753	108.1430	4.6614
1754	108.1610	4.6631
1755	108.1780	4.6637
1756	108.1960	4.6644
1757	108.2140	4.6663
1758	108.2310	4.6672
1759	108.2490	4.6691
1760	108.2670	4.6697
1761	108.2840	4.6717
1762	108.3020	4.6725
1763	108.3200	4.6732
1764	108.3370	4.6751
1765	108.3550	4.6758
1766	108.3720	4.6775
1767	108.3900	4.6783
1768	108.4080	4.6792
1769	108.4250	4.6811
1770	108.4430	4.6818
1771	108.4600	4.6835
1772	108.4780	4.6843
1773	108.4950	4.6852
1774	108.5130	4.6871
1775	108.5310	4.6878
1776	108.5480	4.6895
1777	108.5660	4.6903
1778	108.5830	4.6910
1779	108.6010	4.6929
1780	108.6180	4.6936
1781	108.6360	4.6955
1782	108.6530	4.6964
1783	108.6710	4.6970
1784	108.6880	4.6989
1785	108.7060	4.6996
1786	108.7230	4.7015
1787	108.7410	4.7021
1788	108.7580	4.7030
1789	108.7760	4.7047
1790	108.7930	4.7056
1791	108.8110	4.7073
1792	108.8280	4.7082
1793	108.8460	4.7088
1794	108.8630	4.7107
1795	108.8810	4.7114
1796	108.8980	4.7133
1797	108.9160	4.7139
1798	108.9330	4.7148
1799	108.9500	4.7165
1800	108.9680	4.7174
1801	108.9850	4.7193
1802	109.0030	4.7200
1803	109.0200	4.7206
1804	109.0370	4.7225
1805	109.0550	4.7234
1806	109.0720	4.7253
1807	109.0900	4.7260
1808	109.1070	4.7266
1809	109.1240	4.7285
1810	109.1420	4.7294
1811	109.1590	4.7313
1812	109.1760	4.7320
1813	109.1940	4.7326
1814	109.2110	4.7345
1815	109.2280	4.7354
1816	109.2460	4.7371
1817	109.2630	4.7378
1818	109.2800	4.7384
1819	109.2980	4.7403
1820	109.3150	4.7412
1821	109.3320	4.7431
1822	109.3500	4.7438
1823	109.3670	4.7446
1824	109.3840	4.7464
1825	109.4020	4.7470
1826	109.4190	4.7479
1827	109.4360	4.7498
1828	109.4540	4.7504
1829	109.4710	4.7524
1830	109.4880	4.7532
1831	109.5050	4.7539
1832	109.5220	4.7556
1833	109.5400	4.7564
1834	109.5570	4.7584
1835	109.5740	4.7590
1836	109.5920	4.7599
1837	109.6090	4.7616
1838	109.6260	4.7622
1839	109.6430	4.7642
1840	109.6600	4.7650
1841	109.6780	4.7657
1842	109.6950	4.7676
1843	109.7120	4.7682
1844	109.7290	4.7702
1845	109.7460	4.7710
1846	109.7640	4.7715
1847	109.7810	4.7734
1848	109.7980	4.7742
1849	109.8150	4.7760
1850	109.8320	4.7768
1851	109.8490	4.7775
1852	109.8670	4.7794
1853	109.8840	4.7800
1854	109.9010	4.7820
1855	109.9180	4.7828
1856	109.9350	4.7835
