Day	P50	StdDev
0	3.3460	0.4897
1	3.3170	0.4891
2	3.3370	0.4916
3	3.3630	0.4944
4	3.3920	0.4976
5	3.4220	0.5009
6	3.4540	0.5041
7	3.4880	0.5073
8	3.5220	0.5109
9	3.5580	0.5142
10	3.5940	0.5178
11	3.6320	0.5215
12	3.6710	0.5253
13	3.7110	0.5292
14	3.7530	0.5333
15	3.7960	0.5376
16	3.8390	0.5416
17	3.8830	0.5461
18	3.9270	0.5504
19	3.9710	0.5547
20	4.0160	0.5592
21	4.0600	0.5635
22	4.1050	0.5678
23	4.1490	0.5719
24	4.1930	0.5762
25	4.2370	0.5803
26	4.2810	0.5845
27	4.3240	0.5884
28	4.3670	0.5925
29	4.4100	0.5964
30	4.4520	0.6002
31	4.4950	0.6041
32	4.5360	0.6077
33	4.5780	0.6116
34	4.6180	0.6152
35	4.6590	0.6189
36	4.6990	0.6223
37	4.7390	0.6258
38	4.7780	0.6292
39	4.8170	0.6326
40	4.8550	0.6358
41	4.8930	0.6391
42	4.9300	0.6423
43	4.9670	0.6455
44	5.0040	0.6483
45	5.0400	0.6515
46	5.0760	0.6545
47	5.1120	0.6573
48	5.1470	0.6603
49	5.1820	0.6631
50	5.2160	0.6657
51	5.2500	0.6685
52	5.2840	0.6710
53	5.3170	0.6738
54	5.3500	0.6764
55	5.3830	0.6790
56	5.4150	0.6813
57	5.4470	0.6837
58	5.4780	0.6863
59	5.5100	0.6886
60	5.5410	0.6910
61	5.5710	0.6933
62	5.6020	0.6957
63	5.6320	0.6981
64	5.6620	0.7002
65	5.6910	0.7024
66	5.7200	0.7045
67	5.7490	0.7067
68	5.7780	0.7088
69	5.8060	0.7109
70	5.8350	0.7129
71	5.8620	0.7150
72	5.8900	0.7170
73	5.9170	0.7189
74	5.9440	0.7208
75	5.9710	0.7230
76	5.9980	0.7247
77	6.0240	0.7266
78	6.0500	0.7285
79	6.0760	0.7305
80	6.1020	0.7322
81	6.1270	0.7341
82	6.1520	0.7358
83	6.1770	0.7376
84	6.2020	0.7393
85	6.2260	0.7412
86	6.2510	0.7427
87	6.2750	0.7444
88	6.2990	0.7459
89	6.3220	0.7476
90	6.3460	0.7494
91	6.3690	0.7511
92	6.3920	0.7526
93	6.4150	0.7543
94	6.4380	0.7558
95	6.4600	0.7575
96	6.4820	0.7590
97	6.5050	0.7607
98	6.5260	0.7622
99	6.5480	0.7635
100	6.5700	0.7652
101	6.5910	0.7667
102	6.6130	0.7682
103	6.6340	0.7697
104	6.6550	0.7712
105	6.6760	0.7725
106	6.6960	0.7742
107	6.7170	0.7758
108	6.7370	0.7770
109	6.7570	0.7785
110	6.7770	0.7798
111	6.7970	0.7813
112	6.8170	0.7828
113	6.8360	0.7843
114	6.8560	0.7858
115	6.8750	0.7871
116	6.8940	0.7884
117	6.9140	0.7899
118	6.9320	0.7914
119	6.9510	0.7927
120	6.9700	0.7940
121	6.9880	0.7955
122	7.0070	0.7968
123	7.0250	0.7983
124	7.0430	0.7994
125	7.0620	0.8009
126	7.0790	0.8021
127	7.0970	0.8036
128	7.1150	0.8049
129	7.1320	0.8064
130	7.1500	0.8077
131	7.1670	0.8090
132	7.1850	0.8103
133	7.2020	0.8116
134	7.2190	0.8129
135	7.2360	0.8144
136	7.2520	0.8157
137	7.2690	0.8170
138	7.2860	0.8182
139	7.3020	0.8195
140	7.3190	0.8210
141	7.3350	0.8221
142	7.3510	0.8236
143	7.3670	0.8247
144	7.3830	0.8260
145	7.3990	0.8275
146	7.4150	0.8288
147	7.4310	0.8300
148	7.4460	0.8313
149	7.4620	0.8326
150	7.4770	0.8337
151	7.4920	0.8350
152	7.5080	0.8363
153	7.5230	0.8376
154	7.5380	0.8388
155	7.5530	0.8403
156	7.5680	0.8414
157	7.5820	0.8427
158	7.5970	0.8438
159	7.6120	0.8451
160	7.6260	0.8464
161	7.6410	0.8476
162	7.6550	0.8489
163	7.6690	0.8502
164	7.6830	0.8513
165	7.6980	0.8528
166	7.7120	0.8539
167	7.7260	0.8552
168	7.7390	0.8562
169	7.7530	0.8577
170	7.7670	0.8588
171	7.7800	0.8601
172	7.7940	0.8614
173	7.8080	0.8627
174	7.8210	0.8637
175	7.8340	0.8650
176	7.8480	0.8661
177	7.8610	0.8674
178	7.8740	0.8685
179	7.8870	0.8697
180	7.9000	0.8710
181	7.9130	0.8723
182	7.9260	0.8734
183	7.9390	0.8747
184	7.9520	0.8760
185	7.9640	0.8770
186	7.9770	0.8781
187	7.9900	0.8794
188	8.0020	0.8807
189	8.0140	0.8818
190	8.0270	0.8830
191	8.0390	0.8841
192	8.0520	0.8854
193	8.0640	0.8865
194	8.0760	0.8876
195	8.0880	0.8891
196	8.1000	0.8901
197	8.1120	0.8912
198	8.1240	0.8925
199	8.1360	0.8936
200	8.1480	0.8948
201	8.1590	0.8961
202	8.1710	0.8970
203	8.1830	0.8983
204	8.1940	0.8996
205	8.2060	0.9004
206	8.2170	0.9017
207	8.2290	0.9028
208	8.2400	0.9041
209	8.2510	0.9052
210	8.2630	0.9064
211	8.2740	0.9075
212	8.2850	0.9086
213	8.2960	0.9097
214	8.3070	0.9107
215	8.3180	0.9120
216	8.3290	0.9131
217	8.3400	0.9142
218	8.3510	0.9152
219	8.3620	0.9165
220	8.3730	0.9176
221	8.3840	0.9187
222	8.3940	0.9197
223	8.4050	0.9210
224	8.4160	0.9219
225	8.4260	0.9232
226	8.4370	0.9245
227	8.4470	0.9253
228	8.4580	0.9264
229	8.4680	0.9277
230	8.4790	0.9285
231	8.4890	0.9296
232	8.4990	0.9307
233	8.5100	0.9320
234	8.5200	0.9330
235	8.5300	0.9341
236	8.5400	0.9352
237	8.5500	0.9363
238	8.5600	0.9373
239	8.5700	0.9384
240	8.5800	0.9395
241	8.5900	0.9403
242	8.6000	0.9414
243	8.6100	0.9427
244	8.6200	0.9438
245	8.6300	0.9448
246	8.6400	0.9459
247	8.6490	0.9470
248	8.6590	0.9479
249	8.6690	0.9491
250	8.6780	0.9500
251	8.6880	0.9511
252	8.6980	0.9521
253	8.7070	0.9530
254	8.7170	0.9543
255	8.7260	0.9554
256	8.7360	0.9562
257	8.7450	0.9575
258	8.7550	0.9584
259	8.7640	0.9594
260	8.7740	0.9605
261	8.7830	0.9614
262	8.7920	0.9624
263	8.8020	0.9637
264	8.8110	0.9646
265	8.8200	0.9655
266	8.8290	0.9665
267	8.8380	0.9676
268	8.8480	0.9687
269	8.8570	0.9697
270	8.8660	0.9708
271	8.8750	0.9717
272	8.8840	0.9730
273	8.8930	0.9736
274	8.9020	0.9747
275	8.9110	0.9758
276	8.9200	0.9766
277	8.9290	0.9779
278	8.9380	0.9790
279	8.9470	0.9798
280	8.9560	0.9809
281	8.9640	0.9818
282	8.9730	0.9828
283	8.9820	0.9837
284	8.9910	0.9848
285	9.0000	0.9858
286	9.0080	0.9869
287	9.0170	0.9878
288	9.0260	0.9886
289	9.0340	0.9899
290	9.0430	0.9908
291	9.0520	0.9916
292	9.0600	0.9927
293	9.0690	0.9938
294	9.0770	0.9946
295	9.0860	0.9957
296	9.0940	0.9966
297	9.1030	0.9976
298	9.1110	0.9987
299	9.1200	0.9996
300	9.1280	1.0006
301	9.1370	1.0015
302	9.1450	1.0026
303	9.1530	1.0034
304	9.1620	1.0045
305	9.1700	1.0054
306	9.1780	1.0064
307	9.1870	1.0073
308	9.1950	1.0082
309	9.2030	1.0092
310	9.2120	1.0101
311	9.2200	1.0112
312	9.2280	1.0120
313	9.2360	1.0131
314	9.2450	1.0142
315	9.2530	1.0148
316	9.2610	1.0159
317	9.2690	1.0170
318	9.2770	1.0178
319	9.2850	1.0187
320	9.2940	1.0197
321	9.3020	1.0204
322	9.3100	1.0215
323	9.3180	1.0225
324	9.3260	1.0234
325	9.3340	1.0245
326	9.3420	1.0253
327	9.3500	1.0262
328	9.3580	1.0273
329	9.3660	1.0281
330	9.3740	1.0292
331	9.3820	1.0300
332	9.3900	1.0309
333	9.3980	1.0318
334	9.4060	1.0328
335	9.4140	1.0337
336	9.4220	1.0348
337	9.4290	1.0356
338	9.4370	1.0367
339	9.4450	1.0376
340	9.4530	1.0384
341	9.4610	1.0395
342	9.4690	1.0403
343	9.4760	1.0412
344	9.4840	1.0423
345	9.4920	1.0431
346	9.5000	1.0440
347	9.5080	1.0448
348	9.5160	1.0459
349	9.5230	1.0468
350	9.5310	1.0476
351	9.5390	1.0487
352	9.5460	1.0496
353	9.5540	1.0504
354	9.5620	1.0513
355	9.5700	1.0521
356	9.5770	1.0530
357	9.5850	1.0543
358	9.5930	1.0549
359	9.6000	1.0560
360	9.6080	1.0569
361	9.6160	1.0577
362	9.6230	1.0586
363	9.6310	1.0597
364	9.6380	1.0607
365	9.6460	1.0616
366	9.6540	1.0624
367	9.6610	1.0633
368	9.6690	1.0642
369	9.6760	1.0650
370	9.6840	1.0661
371	9.6910	1.0670
372	9.6990	1.0678
373	9.7060	1.0687
374	9.7140	1.0697
375	9.7210	1.0706
376	9.7290	1.0715
377	9.7360	1.0723
378	9.7440	1.0734
379	9.7510	1.0742
380	9.7590	1.0751
381	9.7660	1.0762
382	9.7740	1.0770
383	9.7810	1.0779
384	9.7890	1.0785
385	9.7960	1.0796
386	9.8040	1.0805
387	9.8110	1.0815
388	9.8180	1.0824
389	9.8260	1.0833
390	9.8330	1.0841
391	9.8400	1.0850
392	9.8480	1.0858
393	9.8550	1.0869
394	9.8620	1.0878
395	9.8700	1.0886
396	9.8770	1.0895
397	9.8840	1.0903
398	9.8920	1.0914
399	9.8990	1.0923
400	9.9060	1.0933
401	9.9140	1.0942
402	9.9210	1.0948
403	9.9280	1.0959
404	9.9360	1.0968
405	9.9430	1.0976
406	9.9500	1.0985
407	9.9580	1.0996
408	9.9650	1.1004
409	9.9720	1.1013
410	9.9790	1.1021
411	9.9860	1.1032
412	9.9940	1.1039
413	10.0010	1.1049
414	10.0080	1.1058
415	10.0150	1.1067
416	10.0230	1.1075
417	10.0300	1.1086
418	10.0370	1.1092
419	10.0440	1.1103
420	10.0510	1.1114
421	10.0590	1.1120
422	10.0660	1.1131
423	10.0730	1.1137
424	10.0800	1.1148
425	10.0870	1.1157
426	10.0940	1.1165
427	10.1020	1.1174
428	10.1090	1.1185
429	10.1160	1.1193
430	10.1230	1.1202
431	10.1300	1.1210
432	10.1370	1.1219
433	10.1440	1.1227
434	10.1520	1.1238
435	10.1590	1.1247
436	10.1660	1.1255
437	10.1730	1.1266
438	10.1800	1.1273
439	10.1870	1.1283
440	10.1940	1.1292
441	10.2010	1.1300
442	10.2080	1.1311
443	10.2150	1.1318
444	10.2220	1.1328
445	10.2290	1.1337
446	10.2360	1.1345
447	10.2440	1.1354
448	10.2510	1.1365
449	10.2580	1.1371
450	10.2650	1.1382
451	10.2720	1.1391
452	10.2790	1.1399
453	10.2860	1.1408
454	10.2930	1.1418
455	10.3000	1.1427
456	10.3070	1.1436
457	10.3140	1.1444
458	10.3210	1.1455
459	10.3280	1.1464
460	10.3350	1.1472
461	10.3420	1.1481
462	10.3490	1.1489
463	10.3560	1.1498
464	10.3630	1.1506
465	10.3700	1.1517
466	10.3770	1.1526
467	10.3840	1.1534
468	10.3910	1.1543
469	10.3980	1.1554
470	10.4050	1.1562
471	10.4120	1.1571
472	10.4190	1.1579
473	10.4260	1.1588
474	10.4330	1.1599
475	10.4400	1.1605
476	10.4460	1.1616
477	10.4540	1.1624
478	10.4600	1.1635
479	10.4670	1.1644
480	10.4740	1.1650
481	10.4810	1.1661
482	10.4880	1.1670
483	10.4950	1.1680
484	10.5020	1.1689
485	10.5090	1.1697
486	10.5160	1.1706
487	10.5230	1.1715
488	10.5300	1.1723
489	10.5370	1.1734
490	10.5440	1.1742
491	10.5500	1.1751
492	10.5570	1.1760
493	10.5640	1.1770
494	10.5710	1.1779
495	10.5780	1.1788
496	10.5850	1.1798
497	10.5920	1.1805
498	10.5990	1.1813
499	10.6060	1.1824
500	10.6120	1.1833
501	10.6190	1.1843
502	10.6260	1.1852
503	10.6330	1.1861
504	10.6400	1.1871
505	10.6470	1.1878
506	10.6540	1.1886
507	10.6600	1.1897
508	10.6670	1.1906
509	10.6740	1.1914
510	10.6810	1.1925
511	10.6880	1.1933
512	10.6950	1.1944
513	10.7020	1.1953
514	10.7080	1.1959
515	10.7150	1.1968
516	10.7220	1.1979
517	10.7290	1.1987
518	10.7360	1.1996
519	10.7430	1.2006
520	10.7490	1.2015
521	10.7560	1.2024
522	10.7630	1.2034
523	10.7700	1.2043
524	10.7770	1.2052
525	10.7840	1.2060
526	10.7900	1.2071
527	10.7970	1.2079
528	10.8040	1.2088
529	10.8110	1.2097
530	10.8170	1.2105
531	10.8240	1.2116
532	10.8310	1.2124
533	10.8380	1.2133
534	10.8450	1.2144
535	10.8510	1.2152
536	10.8580	1.2161
537	10.8650	1.2170
538	10.8720	1.2180
539	10.8780	1.2189
540	10.8850	1.2197
541	10.8920	1.2208
542	10.8990	1.2217
543	10.9060	1.2225
544	10.9120	1.2236
545	10.9190	1.2245
546	10.9260	1.2253
547	10.9330	1.2264
548	10.9390	1.2273
549	10.9460	1.2281
550	10.9530	1.2290
551	10.9600	1.2300
552	10.9660	1.2309
553	10.9730	1.2318
554	10.9800	1.2328
555	10.9860	1.2337
556	10.9930	1.2345
557	11.0000	1.2354
558	11.0070	1.2365
559	11.0130	1.2373
560	11.0200	1.2384
561	11.0270	1.2393
562	11.0340	1.2401
563	11.0400	1.2410
564	11.0470	1.2418
565	11.0540	1.2431
566	11.0600	1.2440
567	11.0670	1.2448
568	11.0740	1.2457
569	11.0810	1.2468
570	11.0870	1.2476
571	11.0940	1.2485
572	11.1010	1.2496
573	11.1070	1.2504
574	11.1140	1.2513
575	11.1210	1.2524
576	11.1280	1.2532
577	11.1340	1.2541
578	11.1410	1.2549
579	11.1480	1.2562
580	11.1540	1.2571
581	11.1610	1.2579
582	11.1680	1.2588
583	11.1740	1.2599
584	11.1810	1.2607
585	11.1880	1.2616
586	11.1940	1.2624
587	11.2010	1.2635
588	11.2080	1.2644
589	11.2140	1.2655
590	11.2210	1.2665
591	11.2280	1.2674
592	11.2340	1.2682
593	11.2410	1.2691
594	11.2480	1.2702
595	11.2540	1.2710
596	11.2610	1.2719
597	11.2680	1.2727
598	11.2740	1.2740
599	11.2810	1.2749
600	11.2880	1.2758
601	11.2940	1.2768
602	11.3010	1.2777
603	11.3080	1.2785
604	11.3140	1.2796
605	11.3210	1.2805
606	11.3280	1.2815
607	11.3340	1.2824
608	11.3410	1.2835
609	11.3480	1.2843
610	11.3540	1.2852
611	11.3610	1.2863
612	11.3680	1.2871
613	11.3740	1.2882
614	11.3810	1.2893
615	11.3880	1.2901
616	11.3940	1.2910
617	11.4010	1.2918
618	11.4080	1.2929
619	11.4140	1.2938
620	11.4210	1.2948
621	11.4280	1.2959
622	11.4340	1.2968
623	11.4410	1.2976
624	11.4480	1.2987
625	11.4540	1.2996
626	11.4610	1.3004
627	11.4680	1.3015
628	11.4740	1.3026
629	11.4810	1.3034
630	11.4880	1.3043
631	11.4940	1.3054
632	11.5010	1.3062
633	11.5080	1.3073
634	11.5140	1.3084
635	11.5210	1.3092
636	11.5270	1.3101
637	11.5340	1.3114
638	11.5410	1.3122
639	11.5470	1.3131
640	11.5540	1.3142
641	11.5610	1.3150
642	11.5670	1.3159
643	11.5740	1.3170
644	11.5810	1.3180
645	11.5870	1.3189
646	11.5940	1.3197
647	11.6000	1.3208
648	11.6070	1.3217
649	11.6140	1.3227
650	11.6200	1.3238
651	11.6270	1.3247
652	11.6340	1.3255
653	11.6400	1.3266
654	11.6470	1.3277
655	11.6540	1.3285
656	11.6600	1.3296
657	11.6670	1.3305
658	11.6730	1.3315
659	11.6800	1.3326
660	11.6870	1.3335
661	11.6930	1.3343
662	11.7000	1.3354
663	11.7060	1.3365
664	11.7130	1.3373
665	11.7200	1.3384
666	11.7260	1.3393
667	11.7330	1.3403
668	11.7400	1.3414
669	11.7460	1.3423
670	11.7530	1.3431
671	11.7600	1.3444
672	11.7660	1.3453
673	11.7730	1.3461
674	11.7790	1.3472
675	11.7860	1.3481
676	11.7920	1.3494
677	11.7990	1.3502
678	11.8060	1.3511
679	11.8120	1.3519
680	11.8190	1.3532
681	11.8260	1.3541
682	11.8320	1.3549
683	11.8390	1.3560
684	11.8450	1.3571
685	11.8520	1.3582
686	11.8590	1.3590
687	11.8650	1.3599
688	11.8720	1.3609
689	11.8780	1.3620
690	11.8850	1.3629
691	11.8920	1.3639
692	11.8980	1.3650
693	11.9050	1.3659
694	11.9110	1.3670
695	11.9180	1.3678
696	11.9250	1.3689
697	11.9310	1.3700
698	11.9380	1.3708
699	11.9440	1.3717
700	11.9510	1.3730
701	11.9580	1.3738
702	11.9640	1.3749
703	11.9710	1.3760
704	11.9770	1.3768
705	11.9840	1.3777
706	11.9900	1.3788
707	11.9970	1.3798
708	12.0040	1.3809
709	12.0100	1.3818
710	12.0170	1.3828
711	12.0230	1.3837
712	12.0300	1.3848
713	12.0370	1.3856
714	12.0430	1.3869
715	12.0500	1.3878
716	12.0560	1.3888
717	12.0630	1.3899
718	12.0690	1.3908
719	12.0760	1.3916
720	12.0830	1.3927
721	12.0890	1.3938
722	12.0960	1.3948
723	12.1020	1.3957
724	12.1090	1.3968
725	12.1150	1.3979
726	12.1220	1.3987
727	12.1280	1.4000
728	12.1350	1.4009
729	12.1420	1.4017
730	12.1480	1.4028
731	12.1550	1.4039
732	12.1610	1.4047
733	12.1680	1.4060
734	12.1740	1.4069
735	12.1810	1.4077
736	12.1880	1.4090
737	12.1940	1.4099
738	12.2010	1.4107
739	12.2070	1.4120
740	12.2140	1.4129
741	12.2200	1.4137
742	12.2270	1.4150
743	12.2330	1.4159
744	12.2400	1.4170
745	12.2460	1.4180
746	12.2530	1.4189
747	12.2590	1.4202
748	12.2660	1.4210
749	12.2720	1.4219
750	12.2790	1.4232
751	12.2860	1.4240
752	12.2920	1.4249
753	12.2990	1.4260
754	12.3050	1.4270
755	12.3120	1.4279
756	12.3180	1.4290
757	12.3250	1.4300
758	12.3310	1.4311
759	12.3380	1.4320
760	12.3440	1.4330
761	12.3510	1.4341
762	12.3570	1.4352
763	12.3640	1.4363
764	12.3700	1.4371
765	12.3770	1.4382
766	12.3830	1.4393
767	12.3900	1.4401
768	12.3960	1.4412
769	12.4020	1.4423
770	12.4090	1.4431
771	12.4150	1.4442
772	12.4220	1.4451
773	12.4280	1.4464
774	12.4350	1.4472
775	12.4410	1.4483
776	12.4480	1.4494
777	12.4540	1.4502
778	12.4610	1.4513
779	12.4670	1.4524
780	12.4740	1.4534
781	12.4800	1.4543
782	12.4860	1.4554
783	12.4930	1.4564
784	12.4990	1.4575
785	12.5060	1.4584
786	12.5120	1.4597
787	12.5190	1.4605
788	12.5250	1.4614
789	12.5310	1.4624
790	12.5380	1.4635
791	12.5440	1.4646
792	12.5510	1.4655
793	12.5570	1.4665
794	12.5630	1.4674
795	12.5700	1.4687
796	12.5760	1.4695
797	12.5830	1.4706
798	12.5890	1.4715
799	12.5950	1.4727
800	12.6020	1.4736
801	12.6080	1.4747
802	12.6140	1.4755
803	12.6210	1.4766
804	12.6270	1.4777
805	12.6340	1.4788
806	12.6400	1.4796
807	12.6460	1.4807
808	12.6530	1.4815
809	12.6590	1.4828
810	12.6650	1.4837
811	12.6720	1.4848
812	12.6780	1.4856
813	12.6840	1.4867
814	12.6910	1.4880
815	12.6970	1.4888
816	12.7030	1.4899
817	12.7100	1.4908
818	12.7160	1.4918
819	12.7220	1.4927
820	12.7290	1.4940
821	12.7350	1.4946
822	12.7410	1.4957
823	12.7480	1.4968
824	12.7540	1.4979
825	12.7600	1.4989
826	12.7660	1.4998
827	12.7730	1.5009
828	12.7790	1.5017
829	12.7850	1.5030
830	12.7920	1.5041
831	12.7980	1.5049
832	12.8040	1.5060
833	12.8100	1.5069
834	12.8170	1.5079
835	12.8230	1.5090
836	12.8290	1.5099
837	12.8360	1.5109
838	12.8420	1.5118
839	12.8480	1.5131
840	12.8540	1.5142
841	12.8600	1.5150
842	12.8670	1.5161
843	12.8730	1.5172
844	12.8790	1.5178
845	12.8850	1.5189
846	12.8920	1.5200
847	12.8980	1.5210
848	12.9040	1.5221
849	12.9100	1.5230
850	12.9160	1.5240
851	12.9230	1.5251
852	12.9290	1.5260
853	12.9350	1.5270
854	12.9410	1.5281
855	12.9470	1.5290
856	12.9540	1.5300
857	12.9600	1.5311
858	12.9660	1.5320
859	12.9720	1.5330
860	12.9780	1.5341
861	12.9840	1.5352
862	12.9900	1.5361
863	12.9970	1.5369
864	13.0030	1.5378
865	13.0090	1.5388
866	13.0150	1.5399
867	13.0210	1.5410
868	13.0270	1.5418
869	13.0330	1.5429
870	13.0400	1.5440
871	13.0460	1.5448
872	13.0520	1.5459
873	13.0580	1.5470
874	13.0640	1.5481
875	13.0700	1.5489
876	13.0760	1.5500
877	13.0820	1.5511
878	13.0880	1.5517
879	13.0940	1.5528
880	13.1010	1.5539
881	13.1070	1.5549
882	13.1130	1.5560
883	13.1190	1.5569
884	13.1250	1.5579
885	13.1310	1.5590
886	13.1370	1.5599
887	13.1430	1.5607
888	13.1490	1.5618
889	13.1550	1.5629
890	13.1610	1.5639
891	13.1670	1.5650
892	13.1730	1.5657
893	13.1790	1.5667
894	13.1850	1.5678
895	13.1910	1.5689
896	13.1970	1.5697
897	13.2030	1.5708
898	13.2100	1.5717
899	13.2160	1.5727
900	13.2220	1.5738
901	13.2280	1.5749
902	13.2340	1.5758
903	13.2400	1.5768
904	13.2460	1.5777
905	13.2520	1.5788
906	13.2580	1.5798
907	13.2630	1.5805
908	13.2690	1.5815
909	13.2750	1.5826
910	13.2810	1.5837
911	13.2870	1.5848
912	13.2930	1.5856
913	13.2990	1.5867
914	13.3050	1.5876
915	13.3110	1.5886
916	13.3170	1.5895
917	13.3230	1.5906
918	13.3290	1.5914
919	13.3350	1.5925
920	13.3410	1.5936
921	13.3470	1.5944
922	13.3530	1.5955
923	13.3590	1.5964
924	13.3650	1.5974
925	13.3700	1.5985
926	13.3760	1.5994
927	13.3820	1.6004
928	13.3880	1.6013
929	13.3940	1.6021
930	13.4000	1.6032
931	13.4060	1.6043
932	13.4120	1.6052
933	13.4180	1.6062
934	13.4240	1.6073
935	13.4300	1.6084
936	13.4350	1.6092
937	13.4410	1.6101
938	13.4470	1.6112
939	13.4530	1.6122
940	13.4590	1.6129
941	13.4650	1.6139
942	13.4710	1.6150
943	13.4760	1.6159
944	13.4820	1.6170
945	13.4880	1.6180
946	13.4940	1.6189
947	13.5000	1.6200
948	13.5060	1.6208
949	13.5120	1.6219
950	13.5180	1.6230
951	13.5230	1.6238
952	13.5290	1.6249
953	13.5350	1.6260
954	13.5410	1.6268
955	13.5470	1.6277
956	13.5520	1.6288
957	13.5580	1.6296
958	13.5640	1.6307
959	13.5700	1.6315
960	13.5760	1.6328
961	13.5820	1.6337
962	13.5870	1.6348
963	13.5930	1.6356
964	13.5990	1.6365
965	13.6050	1.6373
966	13.6100	1.6384
967	13.6160	1.6393
968	13.6220	1.6403
969	13.6280	1.6414
970	13.6340	1.6423
971	13.6390	1.6433
972	13.6450	1.6442
973	13.6510	1.6451
974	13.6570	1.6461
975	13.6620	1.6472
976	13.6680	1.6481
977	13.6740	1.6491
978	13.6800	1.6502
979	13.6860	1.6513
980	13.6910	1.6519
981	13.6970	1.6530
982	13.7030	1.6541
983	13.7080	1.6552
984	13.7140	1.6560
985	13.7200	1.6571
986	13.7260	1.6579
987	13.7310	1.6588
988	13.7370	1.6599
989	13.7430	1.6609
990	13.7490	1.6618
991	13.7540	1.6629
992	13.7600	1.6637
993	13.7660	1.6648
994	13.7720	1.6657
995	13.7770	1.6665
996	13.7830	1.6676
997	13.7890	1.6685
998	13.7940	1.6695
999	13.8000	1.6704
1000	13.8060	1.6715
1001	13.8110	1.6723
1002	13.8170	1.6732
1003	13.8230	1.6742
1004	13.8280	1.6753
1005	13.8340	1.6764
1006	13.8400	1.6773
1007	13.8460	1.6781
1008	13.8510	1.6792
1009	13.8570	1.6800
1010	13.8620	1.6811
1011	13.8680	1.6820
1012	13.8740	1.6830
1013	13.8800	1.6839
1014	13.8850	1.6848
1015	13.8910	1.6858
1016	13.8970	1.6869
1017	13.9020	1.6880
1018	13.9080	1.6888
1019	13.9140	1.6897
1020	13.9190	1.6908
1021	13.9250	1.6916
1022	13.9300	1.6927
1023	13.9360	1.6936
1024	13.9420	1.6944
1025	13.9470	1.6955
1026	13.9530	1.6966
1027	13.9590	1.6974
1028	13.9640	1.6985
1029	13.9700	1.6994
1030	13.9760	1.7002
1031	13.9810	1.7013
1032	13.9870	1.7021
1033	13.9920	1.7032
1034	13.9980	1.7043
1035	14.0040	1.7049
1036	14.0090	1.7062
1037	14.0150	1.7071
1038	14.0210	1.7082
1039	14.0260	1.7090
1040	14.0320	1.7099
1041	14.0380	1.7107
1042	14.0430	1.7118
1043	14.0490	1.7129
1044	14.0540	1.7139
1045	14.0600	1.7148
1046	14.0660	1.7157
1047	14.0710	1.7165
1048	14.0770	1.7176
1049	14.0820	1.7185
1050	14.0880	1.7193
1051	14.0940	1.7206
1052	14.0990	1.7215
1053	14.1050	1.7223
1054	14.1100	1.7232
1055	14.1160	1.7242
1056	14.1220	1.7251
1057	14.1270	1.7262
1058	14.1330	1.7273
1059	14.1380	1.7281
1060	14.1440	1.7292
1061	14.1500	1.7300
1062	14.1550	1.7309
1063	14.1610	1.7318
1064	14.1660	1.7328
1065	14.1720	1.7339
1066	14.1780	1.7350
1067	14.1830	1.7356
1068	14.1890	1.7367
1069	14.1940	1.7376
1070	14.2000	1.7386
1071	14.2050	1.7397
1072	14.2110	1.7406
1073	14.2160	1.7414
1074	14.2220	1.7425
1075	14.2280	1.7433
1076	14.2330	1.7442
1077	14.2390	1.7453
1078	14.2440	1.7464
1079	14.2500	1.7472
1080	14.2550	1.7481
1081	14.2610	1.7491
1082	14.2670	1.7500
1083	14.2720	1.7511
1084	14.2780	1.7519
1085	14.2830	1.7530
1086	14.2890	1.7539
1087	14.2940	1.7547
1088	14.3000	1.7556
1089	14.3060	1.7567
1090	14.3110	1.7577
1091	14.3170	1.7588
1092	14.3220	1.7594
1093	14.3280	1.7605
1094	14.3330	1.7614
1095	14.3390	1.7627
1096	14.3440	1.7635
1097	14.3500	1.7644
1098	14.3550	1.7652
1099	14.3610	1.7661
1100	14.3660	1.7672
1101	14.3720	1.7682
1102	14.3780	1.7691
1103	14.3830	1.7700
1104	14.3890	1.7710
1105	14.3940	1.7719
1106	14.4000	1.7730
1107	14.4050	1.7738
1108	14.4110	1.7749
1109	14.4160	1.7758
1110	14.4220	1.7766
1111	14.4270	1.7775
1112	14.4330	1.7788
1113	14.4380	1.7796
1114	14.4440	1.7805
1115	14.4500	1.7813
1116	14.4550	1.7826
1117	14.4600	1.7835
1118	14.4660	1.7843
1119	14.4720	1.7852
1120	14.4770	1.7863
1121	14.4830	1.7871
1122	14.4880	1.7882
1123	14.4940	1.7891
1124	14.4990	1.7901
1125	14.5050	1.7910
1126	14.5100	1.7918
1127	14.5160	1.7929
1128	14.5210	1.7938
1129	14.5270	1.7948
1130	14.5320	1.7957
1131	14.5380	1.7968
1132	14.5430	1.7976
1133	14.5490	1.7987
1134	14.5540	1.7996
1135	14.5600	1.8004
1136	14.5650	1.8013
1137	14.5710	1.8026
1138	14.5760	1.8034
1139	14.5820	1.8043
1140	14.5880	1.8052
1141	14.5930	1.8064
1142	14.5980	1.8073
1143	14.6040	1.8082
1144	14.6100	1.8090
1145	14.6150	1.8099
1146	14.6200	1.8112
1147	14.6260	1.8120
1148	14.6320	1.8129
1149	14.6370	1.8137
1150	14.6430	1.8148
1151	14.6480	1.8159
1152	14.6540	1.8167
1153	14.6590	1.8176
1154	14.6650	1.8187
1155	14.6700	1.8195
1156	14.6760	1.8206
1157	14.6810	1.8215
1158	14.6870	1.8223
1159	14.6920	1.8234
1160	14.6980	1.8245
1161	14.7030	1.8255
1162	14.7090	1.8262
1163	14.7140	1.8273
1164	14.7200	1.8283
1165	14.7250	1.8292
1166	14.7310	1.8303
1167	14.7360	1.8311
1168	14.7420	1.8320
1169	14.7470	1.8328
1170	14.7530	1.8341
1171	14.7580	1.8348
1172	14.7640	1.8358
1173	14.7690	1.8367
1174	14.7750	1.8376
1175	14.7800	1.8386
1176	14.7860	1.8397
1177	14.7910	1.8406
1178	14.7970	1.8414
1179	14.8020	1.8427
1180	14.8080	1.8433
1181	14.8130	1.8444
1182	14.8190	1.8453
1183	14.8240	1.8466
1184	14.8300	1.8474
1185	14.8350	1.8483
1186	14.8410	1.8491
1187	14.8460	1.8500
1188	14.8520	1.8513
1189	14.8570	1.8521
1190	14.8630	1.8530
1191	14.8680	1.8539
1192	14.8740	1.8552
1193	14.8790	1.8560
1194	14.8850	1.8569
1195	14.8900	1.8577
1196	14.8960	1.8586
1197	14.9010	1.8599
1198	14.9070	1.8607
1199	14.9120	1.8616
1200	14.9180	1.8624
1201	14.9230	1.8637
1202	14.9290	1.8646
1203	14.9340	1.8655
1204	14.9400	1.8665
1205	14.9450	1.8674
1206	14.9510	1.8685
1207	14.9560	1.8693
1208	14.9620	1.8702
1209	14.9670	1.8712
1210	14.9730	1.8723
1211	14.9780	1.8732
1212	14.9840	1.8740
1213	14.9890	1.8751
1214	14.9950	1.8762
1215	15.0000	1.8770
1216	15.0060	1.8781
1217	15.0110	1.8790
1218	15.0170	1.8800
1219	15.0220	1.8809
1220	15.0280	1.8818
1221	15.0330	1.8828
1222	15.0390	1.8839
1223	15.0440	1.8848
1224	15.0500	1.8858
1225	15.0550	1.8867
1226	15.0610	1.8876
1227	15.0660	1.8886
1228	15.0720	1.8897
1229	15.0770	1.8906
1230	15.0830	1.8914
1231	15.0880	1.8927
1232	15.0940	1.8936
1233	15.0990	1.8944
1234	15.1050	1.8953
1235	15.1100	1.8966
1236	15.1160	1.8974
1237	15.1210	1.8983
1238	15.1270	1.8994
1239	15.1320	1.9000
1240	15.1380	1.9013
1241	15.1430	1.9021
1242	15.1490	1.9030
1243	15.1540	1.9041
1244	15.1600	1.9052
1245	15.1650	1.9060
1246	15.1710	1.9069
1247	15.1760	1.9079
1248	15.1820	1.9090
1249	15.1870	1.9099
1250	15.1930	1.9109
1251	15.1980	1.9120
1252	15.2040	1.9129
1253	15.2090	1.9139
1254	15.2150	1.9148
1255	15.2200	1.9157
1256	15.2260	1.9167
1257	15.2310	1.9178
1258	15.2370	1.9187
1259	15.2420	1.9195
1260	15.2480	1.9208
1261	15.2530	1.9217
1262	15.2590	1.9225
1263	15.2640	1.9236
1264	15.2700	1.9247
1265	15.2750	1.9255
1266	15.2810	1.9264
1267	15.2860	1.9275
1268	15.2920	1.9283
1269	15.2970	1.9294
1270	15.3030	1.9305
1271	15.3080	1.9313
1272	15.3140	1.9324
1273	15.3190	1.9335
1274	15.3240	1.9343
1275	15.3300	1.9352
1276	15.3360	1.9363
1277	15.3410	1.9373
1278	15.3460	1.9382
1279	15.3520	1.9391
1280	15.3580	1.9403
1281	15.3630	1.9412
1282	15.3680	1.9421
1283	15.3740	1.9431
1284	15.3800	1.9442
1285	15.3850	1.9451
1286	15.3900	1.9461
1287	15.3960	1.9472
1288	15.4020	1.9483
1289	15.4070	1.9489
1290	15.4120	1.9500
1291	15.4180	1.9511
1292	15.4230	1.9519
1293	15.4290	1.9530
1294	15.4340	1.9539
1295	15.4400	1.9552
1296	15.4450	1.9560
1297	15.4510	1.9569
1298	15.4560	1.9582
1299	15.4620	1.9590
1300	15.4670	1.9599
1301	15.4730	1.9609
1302	15.4780	1.9620
1303	15.4840	1.9629
1304	15.4890	1.9639
1305	15.4950	1.9648
1306	15.5000	1.9659
1307	15.5060	1.9667
1308	15.5110	1.9678
1309	15.5170	1.9689
1310	15.5220	1.9700
1311	15.5280	1.9708
1312	15.5330	1.9717
1313	15.5390	1.9730
1314	15.5440	1.9738
1315	15.5500	1.9747
1316	15.5550	1.9760
1317	15.5610	1.9768
1318	15.5660	1.9779
1319	15.5720	1.9788
1320	15.5770	1.9798
1321	15.5830	1.9809
1322	15.5880	1.9818
1323	15.5940	1.9826
1324	15.5990	1.9839
1325	15.6050	1.9848
1326	15.6100	1.9858
1327	15.6160	1.9869
1328	15.6210	1.9878
1329	15.6270	1.9886
1330	15.6320	1.9899
1331	15.6380	1.9908
1332	15.6430	1.9916
1333	15.6490	1.9927
1334	15.6540	1.9938
1335	15.6600	1.9948
1336	15.6650	1.9959
1337	15.6700	1.9968
1338	15.6760	1.9979
1339	15.6820	1.9987
1340	15.6870	2.0000
1341	15.6920	2.0009
1342	15.6980	2.0017
1343	15.7030	2.0030
1344	15.7090	2.0039
1345	15.7140	2.0049
1346	15.7200	2.0058
1347	15.7250	2.0069
1348	15.7310	2.0079
1349	15.7360	2.0088
1350	15.7420	2.0101
1351	15.7470	2.0109
1352	15.7530	2.0118
1353	15.7580	2.0131
1354	15.7640	2.0139
1355	15.7690	2.0150
1356	15.7750	2.0159
1357	15.7800	2.0170
1358	15.7860	2.0180
1359	15.7910	2.0191
1360	15.7970	2.0202
1361	15.8020	2.0210
1362	15.8080	2.0219
1363	15.8130	2.0232
1364	15.8180	2.0240
1365	15.8240	2.0251
1366	15.8300	2.0262
1367	15.8350	2.0270
1368	15.8400	2.0281
1369	15.8460	2.0292
1370	15.8510	2.0303
1371	15.8570	2.0311
1372	15.8620	2.0324
1373	15.8680	2.0333
1374	15.8730	2.0341
1375	15.8790	2.0354
1376	15.8840	2.0363
1377	15.8900	2.0373
1378	15.8950	2.0384
1379	15.9010	2.0393
1380	15.9060	2.0403
1381	15.9120	2.0414
1382	15.9170	2.0425
1383	15.9230	2.0436
1384	15.9280	2.0446
1385	15.9340	2.0455
1386	15.9390	2.0464
1387	15.9440	2.0476
1388	15.9500	2.0485
1389	15.9550	2.0498
1390	15.9610	2.0506
1391	15.9660	2.0517
1392	15.9720	2.0526
1393	15.9770	2.0539
1394	15.9830	2.0547
1395	15.9880	2.0560
1396	15.9940	2.0569
1397	15.9990	2.0579
1398	16.0050	2.0590
1399	16.0100	2.0601
1400	16.0160	2.0609
1401	16.0210	2.0620
1402	16.0260	2.0631
1403	16.0320	2.0639
1404	16.0380	2.0652
1405	16.0430	2.0661
1406	16.0480	2.0674
1407	16.0540	2.0682
1408	16.0590	2.0691
1409	16.0650	2.0704
1410	16.0700	2.0712
1411	16.0760	2.0723
1412	16.0810	2.0734
1413	16.0870	2.0745
1414	16.0920	2.0755
1415	16.0980	2.0766
1416	16.1030	2.0777
1417	16.1090	2.0785
1418	16.1140	2.0796
1419	16.1190	2.0807
1420	16.1250	2.0818
1421	16.1300	2.0828
1422	16.1360	2.0837
1423	16.1410	2.0850
1424	16.1470	2.0858
1425	16.1520	2.0871
1426	16.1580	2.0880
1427	16.1630	2.0888
1428	16.1690	2.0901
1429	16.1740	2.0912
1430	16.1800	2.0921
1431	16.1850	2.0933
1432	16.1910	2.0942
1433	16.1960	2.0955
1434	16.2020	2.0964
1435	16.2070	2.0974
1436	16.2120	2.0985
1437	16.2180	2.0996
1438	16.2230	2.1006
1439	16.2290	2.1017
1440	16.2340	2.1026
1441	16.2400	2.1039
1442	16.2450	2.1047
1443	16.2510	2.1058
1444	16.2560	2.1069
1445	16.2620	2.1079
1446	16.2670	2.1090
1447	16.2720	2.1101
1448	16.2780	2.1109
1449	16.2830	2.1122
1450	16.2890	2.1133
1451	16.2940	2.1144
1452	16.3000	2.1155
1453	16.3050	2.1163
1454	16.3110	2.1176
1455	16.3160	2.1185
1456	16.3220	2.1193
1457	16.3270	2.1206
1458	16.3320	2.1215
1459	16.3380	2.1227
1460	16.3430	2.1238
1461	16.3490	2.1247
1462	16.3540	2.1260
1463	16.3600	2.1268
1464	16.3650	2.1281
1465	16.3710	2.1290
1466	16.3760	2.1303
1467	16.3820	2.1311
1468	16.3870	2.1322
1469	16.3930	2.1335
1470	16.3980	2.1343
1471	16.4040	2.1356
1472	16.4090	2.1365
1473	16.4140	2.1378
1474	16.4200	2.1386
1475	16.4250	2.1397
1476	16.4310	2.1410
1477	16.4360	2.1418
1478	16.4420	2.1431
1479	16.4470	2.1440
1480	16.4530	2.1451
1481	16.4580	2.1461
1482	16.4640	2.1472
1483	16.4690	2.1485
1484	16.4740	2.1494
1485	16.4800	2.1502
1486	16.4850	2.1515
1487	16.4910	2.1524
1488	16.4960	2.1536
1489	16.5020	2.1545
1490	16.5070	2.1556
1491	16.5130	2.1569
1492	16.5180	2.1577
1493	16.5240	2.1590
1494	16.5290	2.1599
1495	16.5340	2.1612
1496	16.5400	2.1622
1497	16.5450	2.1631
1498	16.5510	2.1644
1499	16.5560	2.1652
1500	16.5620	2.1665
1501	16.5670	2.1676
1502	16.5730	2.1687
1503	16.5780	2.1697
1504	16.5840	2.1706
1505	16.5890	2.1719
1506	16.5940	2.1727
1507	16.6000	2.1740
1508	16.6050	2.1751
1509	16.6110	2.1762
1510	16.6160	2.1773
1511	16.6220	2.1783
1512	16.6270	2.1794
1513	16.6330	2.1807
1514	16.6380	2.1818
1515	16.6440	2.1826
1516	16.6490	2.1839
1517	16.6540	2.1850
1518	16.6600	2.1861
1519	16.6650	2.1871
1520	16.6710	2.1884
1521	16.6760	2.1893
1522	16.6820	2.1903
1523	16.6870	2.1914
1524	16.6930	2.1925
1525	16.6980	2.1936
1526	16.7040	2.1946
1527	16.7090	2.1959
1528	16.7140	2.1968
1529	16.7200	2.1981
1530	16.7250	2.1991
1531	16.7310	2.2000
1532	16.7360	2.2013
1533	16.7420	2.2024
1534	16.7470	2.2034
1535	16.7530	2.2045
1536	16.7580	2.2056
1537	16.7640	2.2067
1538	16.7690	2.2077
1539	16.7740	2.2088
1540	16.7800	2.2099
1541	16.7850	2.2109
1542	16.7910	2.2120
1543	16.7960	2.2133
1544	16.8020	2.2142
1545	16.8070	2.2155
1546	16.8130	2.2165
1547	16.8180	2.2178
1548	16.8240	2.2187
1549	16.8290	2.2200
1550	16.8340	2.2210
1551	16.8400	2.2221
1552	16.8450	2.2232
1553	16.8510	2.2242
1554	16.8560	2.2253
1555	16.8620	2.2264
1556	16.8670	2.2275
1557	16.8730	2.2285
1558	16.8780	2.2298
1559	16.8840	2.2307
1560	16.8890	2.2320
1561	16.8940	2.2330
1562	16.9000	2.2341
1563	16.9050	2.2354
1564	16.9110	2.2365
1565	16.9160	2.2376
1566	16.9220	2.2386
1567	16.9270	2.2397
1568	16.9330	2.2408
1569	16.9380	2.2418
1570	16.9440	2.2429
1571	16.9490	2.2442
1572	16.9540	2.2451
1573	16.9600	2.2464
1574	16.9650	2.2474
1575	16.9710	2.2485
1576	16.9760	2.2496
1577	16.9820	2.2509
1578	16.9870	2.2519
1579	16.9930	2.2530
1580	16.9980	2.2541
1581	17.0040	2.2554
1582	17.0090	2.2564
1583	17.0140	2.2575
1584	17.0200	2.2586
1585	17.0260	2.2597
1586	17.0310	2.2607
1587	17.0360	2.2618
1588	17.0420	2.2631
1589	17.0470	2.2639
1590	17.0530	2.2652
1591	17.0580	2.2663
1592	17.0640	2.2676
1593	17.0690	2.2685
1594	17.0750	2.2697
1595	17.0800	2.2708
1596	17.0860	2.2719
1597	17.0910	2.2730
1598	17.0960	2.2742
1599	17.1020	2.2751
1600	17.1070	2.2764
1601	17.1130	2.2775
1602	17.1180	2.2785
1603	17.1240	2.2796
1604	17.1290	2.2811
1605	17.1350	2.2820
1606	17.1400	2.2833
1607	17.1460	2.2843
1608	17.1510	2.2854
1609	17.1560	2.2865
1610	17.1620	2.2878
1611	17.1670	2.2886
1612	17.1730	2.2897
1613	17.1780	2.2910
1614	17.1840	2.2918
1615	17.1890	2.2933
1616	17.1950	2.2944
1617	17.2000	2.2955
1618	17.2060	2.2966
1619	17.2110	2.2976
1620	17.2160	2.2987
1621	17.2220	2.3000
1622	17.2270	2.3009
1623	17.2330	2.3021
1624	17.2380	2.3032
1625	17.2440	2.3045
1626	17.2490	2.3058
1627	17.2550	2.3069
1628	17.2600	2.3079
1629	17.2660	2.3090
1630	17.2710	2.3101
1631	17.2760	2.3112
1632	17.2820	2.3122
1633	17.2870	2.3135
1634	17.2930	2.3144
1635	17.2980	2.3157
1636	17.3040	2.3170
1637	17.3090	2.3180
1638	17.3150	2.3191
1639	17.3200	2.3204
1640	17.3260	2.3212
1641	17.3310	2.3225
1642	17.3360	2.3236
1643	17.3420	2.3247
1644	17.3470	2.3258
1645	17.3530	2.3270
1646	17.3580	2.3281
1647	17.3640	2.3294
1648	17.3690	2.3305
1649	17.3740	2.3315
1650	17.3800	2.3326
1651	17.3850	2.3339
1652	17.3910	2.3350
1653	17.3960	2.3361
1654	17.4020	2.3371
1655	17.4070	2.3384
1656	17.4130	2.3397
1657	17.4180	2.3408
1658	17.4240	2.3418
1659	17.4290	2.3429
1660	17.4340	2.3442
1661	17.4400	2.3453
1662	17.4450	2.3464
1663	17.4510	2.3474
1664	17.4560	2.3485
1665	17.4620	2.3496
1666	17.4670	2.3511
1667	17.4730	2.3521
1668	17.4780	2.3532
1669	17.4840	2.3543
1670	17.4890	2.3556
1671	17.4940	2.3564
1672	17.5000	2.3577
1673	17.5050	2.3588
1674	17.5110	2.3601
1675	17.5160	2.3612
1676	17.5220	2.3624
1677	17.5270	2.3633
1678	17.5320	2.3646
1679	17.5380	2.3657
1680	17.5430	2.3670
1681	17.5490	2.3678
1682	17.5540	2.3691
1683	17.5600	2.3702
1684	17.5650	2.3715
1685	17.5710	2.3727
1686	17.5760	2.3738
1687	17.5820	2.3749
1688	17.5870	2.3760
1689	17.5920	2.3773
1690	17.5980	2.3783
1691	17.6030	2.3796
1692	17.6090	2.3805
1693	17.6140	2.3820
1694	17.6200	2.3828
1695	17.6250	2.3841
1696	17.6300	2.3852
1697	17.6360	2.3865
1698	17.6410	2.3873
1699	17.6470	2.3886
1700	17.6520	2.3897
1701	17.6580	2.3910
1702	17.6630	2.3923
1703	17.6690	2.3933
1704	17.6740	2.3944
1705	17.6800	2.3955
1706	17.6850	2.3968
1707	17.6900	2.3979
1708	17.6960	2.3991
1709	17.7010	2.4000
1710	17.7070	2.4013
1711	17.7120	2.4024
1712	17.7180	2.4036
1713	17.7230	2.4047
1714	17.7280	2.4060
1715	17.7340	2.4069
1716	17.7390	2.4082
1717	17.7450	2.4094
1718	17.7500	2.4105
1719	17.7560	2.4116
1720	17.7610	2.4129
1721	17.7660	2.4142
1722	17.7720	2.4150
1723	17.7770	2.4163
1724	17.7830	2.4174
1725	17.7880	2.4187
1726	17.7940	2.4197
1727	17.7990	2.4208
1728	17.8040	2.4221
1729	17.8100	2.4232
1730	17.8150	2.4245
1731	17.8210	2.4255
1732	17.8260	2.4266
1733	17.8320	2.4277
1734	17.8370	2.4290
1735	17.8420	2.4300
1736	17.8480	2.4313
1737	17.8530	2.4322
1738	17.8590	2.4337
1739	17.8640	2.4348
1740	17.8700	2.4358
1741	17.8750	2.4371
1742	17.8800	2.4382
1743	17.8860	2.4395
1744	17.8910	2.4403
1745	17.8970	2.4416
1746	17.9020	2.4427
1747	17.9080	2.4440
1748	17.9130	2.4453
1749	17.9180	2.4464
1750	17.9240	2.4476
1751	17.9290	2.4487
1752	17.9350	2.4498
1753	17.9400	2.4509
1754	17.9460	2.4521
1755	17.9510	2.4532
1756	17.9560	2.4545
1757	17.9620	2.4558
1758	17.9670	2.4569
1759	17.9730	2.4579
1760	17.9780	2.4590
1761	17.9840	2.4603
1762	17.9890	2.4614
1763	17.9940	2.4627
1764	18.0000	2.4637
1765	18.0050	2.4650
1766	18.0110	2.4661
1767	18.0160	2.4672
1768	18.0220	2.4685
1769	18.0270	2.4695
1770	18.0320	2.4708
1771	18.0380	2.4719
1772	18.0430	2.4730
1773	18.0490	2.4742
1774	18.0540	2.4753
1775	18.0600	2.4766
1776	18.0650	2.4779
1777	18.0700	2.4790
1778	18.0760	2.4803
1779	18.0810	2.4811
1780	18.0870	2.4824
1781	18.0920	2.4835
1782	18.0970	2.4848
1783	18.1030	2.4856
1784	18.1080	2.4871
1785	18.1140	2.4884
1786	18.1190	2.4895
1787	18.1240	2.4906
1788	18.1300	2.4916
1789	18.1350	2.4929
1790	18.1410	2.4942
1791	18.1460	2.4951
1792	18.1520	2.4964
1793	18.1570	2.4976
1794	18.1620	2.4989
1795	18.1680	2.5000
1796	18.1730	2.5011
1797	18.1790	2.5024
1798	18.1840	2.5034
1799	18.1890	2.5047
1800	18.1950	2.5056
1801	18.2000	2.5069
1802	18.2060	2.5079
1803	18.2110	2.5092
1804	18.2160	2.5105
1805	18.2220	2.5116
1806	18.2270	2.5129
1807	18.2330	2.5139
1808	18.2380	2.5150
1809	18.2440	2.5163
1810	18.2490	2.5174
1811	18.2540	2.5187
1812	18.2600	2.5197
1813	18.2650	2.5210
1814	18.2700	2.5223
1815	18.2760	2.5234
1816	18.2810	2.5245
1817	18.2870	2.5255
1818	18.2920	2.5268
1819	18.2980	2.5281
1820	18.3030	2.5292
1821	18.3080	2.5303
1822	18.3140	2.5313
1823	18.3190	2.5328
1824	18.3240	2.5339
1825	18.3300	2.5350
1826	18.3350	2.5363
1827	18.3410	2.5373
1828	18.3460	2.5386
1829	18.3510	2.5399
1830	18.3570	2.5408
1831	18.3620	2.5421
1832	18.3680	2.5431
1833	18.3730	2.5444
1834	18.3780	2.5457
1835	18.3840	2.5468
1836	18.3890	2.5481
1837	18.3940	2.5491
1838	18.4000	2.5502
1839	18.4050	2.5515
1840	18.4110	2.5526
1841	18.4160	2.5539
1842	18.4220	2.5549
1843	18.4270	2.5560
1844	18.4320	2.5573
1845	18.4380	2.5586
1846	18.4430	2.5599
1847	18.4480	2.5609
1848	18.4540	2.5620
1849	18.4590	2.5633
1850	18.4640	2.5644
1851	18.4700	2.5657
1852	18.4750	2.5667
1853	18.4810	2.5678
1854	18.4860	2.5691
1855	18.4910	2.5702
1856	18.4970	2.5715
