Day	P50	StdDev
0	3.2320	0.4584
1	3.1960	0.4672
2	3.2100	0.4717
3	3.2320	0.4755
4	3.2560	0.4792
5	3.2820	0.4828
6	3.3100	0.4865
7	3.3390	0.4899
8	3.3690	0.4933
9	3.4000	0.4968
10	3.4310	0.5004
11	3.4640	0.5036
12	3.4980	0.5073
13	3.5330	0.5112
14	3.5690	0.5148
15	3.6060	0.5189
16	3.6440	0.5227
17	3.6820	0.5268
18	3.7200	0.5307
19	3.7580	0.5350
20	3.7970	0.5388
21	3.8350	0.5429
22	3.8740	0.5468
23	3.9120	0.5509
24	3.9500	0.5549
25	3.9870	0.5588
26	4.0250	0.5627
27	4.0620	0.5663
28	4.0990	0.5702
29	4.1350	0.5738
30	4.1720	0.5775
31	4.2080	0.5811
32	4.2430	0.5848
33	4.2780	0.5884
34	4.3130	0.5918
35	4.3480	0.5953
36	4.3820	0.5987
37	4.4160	0.6021
38	4.4490	0.6056
39	4.4820	0.6088
40	4.5150	0.6120
41	4.5470	0.6152
42	4.5790	0.6185
43	4.6110	0.6215
44	4.6420	0.6247
45	4.6740	0.6279
46	4.7040	0.6309
47	4.7350	0.6339
48	4.7650	0.6369
49	4.7950	0.6399
50	4.8240	0.6427
51	4.8540	0.6459
52	4.8830	0.6487
53	4.9120	0.6515
54	4.9400	0.6543
55	4.9680	0.6571
56	4.9960	0.6599
57	5.0240	0.6627
58	5.0510	0.6652
59	5.0780	0.6682
60	5.1050	0.6708
61	5.1320	0.6732
62	5.1580	0.6760
63	5.1840	0.6788
64	5.2100	0.6813
65	5.2360	0.6839
66	5.2620	0.6865
67	5.2870	0.6891
68	5.3120	0.6916
69	5.3370	0.6940
70	5.3620	0.6966
71	5.3860	0.6989
72	5.4110	0.7013
73	5.4350	0.7039
74	5.4590	0.7064
75	5.4820	0.7086
76	5.5060	0.7109
77	5.5300	0.7135
78	5.5530	0.7159
79	5.5760	0.7180
80	5.5990	0.7206
81	5.6210	0.7230
82	5.6440	0.7253
83	5.6660	0.7273
84	5.6880	0.7298
85	5.7100	0.7320
86	5.7320	0.7341
87	5.7540	0.7365
88	5.7760	0.7388
89	5.7970	0.7408
90	5.8180	0.7429
91	5.8390	0.7453
92	5.8600	0.7472
93	5.8810	0.7496
94	5.9020	0.7517
95	5.9220	0.7536
96	5.9430	0.7558
97	5.9630	0.7582
98	5.9830	0.7603
99	6.0030	0.7622
100	6.0230	0.7644
101	6.0430	0.7663
102	6.0620	0.7685
103	6.0820	0.7704
104	6.1010	0.7725
105	6.1200	0.7747
106	6.1390	0.7764
107	6.1580	0.7785
108	6.1770	0.7805
109	6.1960	0.7824
110	6.2140	0.7843
111	6.2330	0.7863
112	6.2510	0.7882
113	6.2690	0.7901
114	6.2870	0.7921
115	6.3050	0.7940
116	6.3230	0.7959
117	6.3410	0.7976
118	6.3590	0.7996
119	6.3760	0.8015
120	6.3940	0.8034
121	6.4110	0.8054
122	6.4280	0.8071
123	6.4450	0.8088
124	6.4620	0.8109
125	6.4790	0.8127
126	6.4960	0.8144
127	6.5120	0.8161
128	6.5290	0.8180
129	6.5450	0.8197
130	6.5620	0.8215
131	6.5780	0.8232
132	6.5940	0.8249
133	6.6100	0.8266
134	6.6260	0.8285
135	6.6420	0.8303
136	6.6570	0.8318
137	6.6730	0.8337
138	6.6880	0.8354
139	6.7040	0.8369
140	6.7190	0.8386
141	6.7340	0.8403
142	6.7500	0.8421
143	6.7650	0.8438
144	6.7800	0.8453
145	6.7940	0.8470
146	6.8090	0.8485
147	6.8240	0.8500
148	6.8380	0.8517
149	6.8530	0.8532
150	6.8670	0.8549
151	6.8820	0.8564
152	6.8960	0.8582
153	6.9100	0.8599
154	6.9240	0.8614
155	6.9380	0.8629
156	6.9520	0.8644
157	6.9660	0.8659
158	6.9800	0.8674
159	6.9930	0.8691
160	7.0070	0.8706
161	7.0200	0.8721
162	7.0340	0.8736
163	7.0470	0.8753
164	7.0610	0.8768
165	7.0740	0.8781
166	7.0870	0.8798
167	7.1000	0.8813
168	7.1130	0.8826
169	7.1260	0.8841
170	7.1390	0.8858
171	7.1520	0.8873
172	7.1650	0.8886
173	7.1780	0.8901
174	7.1900	0.8914
175	7.2030	0.8929
176	7.2150	0.8944
177	7.2280	0.8961
178	7.2400	0.8974
179	7.2530	0.8989
180	7.2650	0.9002
181	7.2770	0.9017
182	7.2890	0.9032
183	7.3020	0.9045
184	7.3140	0.9060
185	7.3260	0.9075
186	7.3380	0.9088
187	7.3500	0.9103
188	7.3610	0.9116
189	7.3730	0.9131
190	7.3850	0.9146
191	7.3970	0.9159
192	7.4080	0.9174
193	7.4200	0.9185
194	7.4310	0.9200
195	7.4430	0.9212
196	7.4540	0.9227
197	7.4660	0.9242
198	7.4770	0.9258
199	7.4880	0.9270
200	7.5000	0.9283
201	7.5110	0.9296
202	7.5220	0.9311
203	7.5330	0.9324
204	7.5440	0.9337
205	7.5550	0.9352
206	7.5660	0.9365
207	7.5770	0.9380
208	7.5880	0.9391
209	7.5990	0.9406
210	7.6090	0.9418
211	7.6200	0.9431
212	7.6310	0.9444
213	7.6420	0.9459
214	7.6520	0.9472
215	7.6630	0.9487
216	7.6730	0.9498
217	7.6840	0.9511
218	7.6940	0.9524
219	7.7050	0.9539
220	7.7150	0.9552
221	7.7250	0.9564
222	7.7360	0.9577
223	7.7460	0.9590
224	7.7560	0.9603
225	7.7660	0.9616
226	7.7770	0.9629
227	7.7870	0.9642
228	7.7970	0.9657
229	7.8070	0.9667
230	7.8170	0.9680
231	7.8270	0.9693
232	7.8370	0.9706
233	7.8470	0.9719
234	7.8570	0.9732
235	7.8660	0.9745
236	7.8760	0.9758
237	7.8860	0.9770
238	7.8960	0.9783
239	7.9050	0.9796
240	7.9150	0.9807
241	7.9250	0.9822
242	7.9340	0.9833
243	7.9440	0.9845
244	7.9530	0.9858
245	7.9630	0.9869
246	7.9720	0.9884
247	7.9820	0.9897
248	7.9910	0.9908
249	8.0010	0.9921
250	8.0100	0.9931
251	8.0190	0.9944
252	8.0290	0.9957
253	8.0380	0.9970
254	8.0470	0.9983
255	8.0560	0.9996
256	8.0660	1.0006
257	8.0750	1.0019
258	8.0840	1.0032
259	8.0930	1.0043
260	8.1020	1.0056
261	8.1110	1.0069
262	8.1200	1.0079
263	8.1290	1.0090
264	8.1380	1.0103
265	8.1470	1.0114
266	8.1560	1.0129
267	8.1640	1.0139
268	8.1730	1.0150
269	8.1820	1.0163
270	8.1910	1.0176
271	8.2000	1.0187
272	8.2080	1.0197
273	8.2170	1.0210
274	8.2260	1.0223
275	8.2350	1.0234
276	8.2430	1.0247
277	8.2520	1.0258
278	8.2600	1.0268
279	8.2690	1.0281
280	8.2780	1.0292
281	8.2860	1.0305
282	8.2950	1.0315
283	8.3030	1.0328
284	8.3120	1.0337
285	8.3200	1.0350
286	8.3280	1.0363
287	8.3370	1.0373
288	8.3450	1.0384
289	8.3540	1.0395
290	8.3620	1.0408
291	8.3700	1.0421
292	8.3790	1.0429
293	8.3870	1.0442
294	8.3950	1.0453
295	8.4040	1.0464
296	8.4120	1.0476
297	8.4200	1.0487
298	8.4280	1.0500
299	8.4360	1.0509
300	8.4440	1.0519
301	8.4530	1.0532
302	8.4610	1.0543
303	8.4690	1.0556
304	8.4770	1.0564
305	8.4850	1.0575
306	8.4930	1.0588
307	8.5010	1.0599
308	8.5090	1.0609
309	8.5170	1.0622
310	8.5250	1.0633
311	8.5330	1.0644
312	8.5410	1.0655
313	8.5490	1.0665
314	8.5570	1.0676
315	8.5650	1.0687
316	8.5730	1.0697
317	8.5810	1.0708
318	8.5890	1.0719
319	8.5960	1.0732
320	8.6040	1.0740
321	8.6120	1.0751
322	8.6200	1.0764
323	8.6280	1.0775
324	8.6360	1.0785
325	8.6440	1.0796
326	8.6510	1.0807
327	8.6590	1.0818
328	8.6670	1.0826
329	8.6740	1.0837
330	8.6820	1.0848
331	8.6900	1.0858
332	8.6980	1.0871
333	8.7050	1.0882
334	8.7130	1.0891
335	8.7210	1.0901
336	8.7280	1.0912
337	8.7360	1.0923
338	8.7440	1.0933
339	8.7510	1.0944
340	8.7590	1.0955
341	8.7660	1.0964
342	8.7740	1.0974
343	8.7820	1.0987
344	8.7890	1.0996
345	8.7970	1.1006
346	8.8040	1.1015
347	8.8120	1.1028
348	8.8190	1.1039
349	8.8270	1.1047
350	8.8340	1.1060
351	8.8420	1.1069
352	8.8500	1.1079
353	8.8570	1.1088
354	8.8640	1.1101
355	8.8720	1.1109
356	8.8790	1.1120
357	8.8870	1.1131
358	8.8940	1.1142
359	8.9020	1.1150
360	8.9090	1.1159
361	8.9170	1.1172
362	8.9240	1.1180
363	8.9310	1.1191
364	8.9390	1.1202
365	8.9460	1.1210
366	8.9540	1.1223
367	8.9610	1.1232
368	8.9680	1.1240
369	8.9760	1.1253
370	8.9830	1.1262
371	8.9900	1.1273
372	8.9980	1.1283
373	9.0050	1.1292
374	9.0120	1.1303
375	9.0200	1.1311
376	9.0270	1.1322
377	9.0340	1.1330
378	9.0420	1.1343
379	9.0490	1.1352
380	9.0560	1.1361
381	9.0640	1.1371
382	9.0710	1.1382
383	9.0780	1.1393
384	9.0850	1.1401
385	9.0930	1.1412
386	9.1000	1.1421
387	9.1070	1.1431
388	9.1140	1.1440
389	9.1220	1.1448
390	9.1290	1.1461
391	9.1360	1.1468
392	9.1430	1.1481
393	9.1510	1.1489
394	9.1580	1.1500
395	9.1650	1.1509
396	9.1720	1.1519
397	9.1790	1.1528
398	9.1870	1.1539
399	9.1940	1.1547
400	9.2010	1.1558
401	9.2080	1.1567
402	9.2150	1.1577
403	9.2220	1.1586
404	9.2300	1.1597
405	9.2370	1.1607
406	9.2440	1.1614
407	9.2510	1.1627
408	9.2580	1.1633
409	9.2650	1.1644
410	9.2720	1.1652
411	9.2800	1.1663
412	9.2870	1.1672
413	9.2940	1.1682
414	9.3010	1.1691
415	9.3080	1.1702
416	9.3150	1.1712
417	9.3220	1.1719
418	9.3290	1.1730
419	9.3360	1.1738
420	9.3440	1.1749
421	9.3510	1.1758
422	9.3580	1.1768
423	9.3650	1.1779
424	9.3720	1.1785
425	9.3790	1.1796
426	9.3860	1.1805
427	9.3930	1.1815
428	9.4000	1.1822
429	9.4070	1.1833
430	9.4140	1.1843
431	9.4210	1.1852
432	9.4280	1.1863
433	9.4360	1.1869
434	9.4430	1.1880
435	9.4500	1.1891
436	9.4570	1.1899
437	9.4640	1.1908
438	9.4710	1.1916
439	9.4780	1.1927
440	9.4850	1.1938
441	9.4920	1.1944
442	9.4990	1.1955
443	9.5060	1.1961
444	9.5130	1.1972
445	9.5200	1.1983
446	9.5270	1.1991
447	9.5340	1.2000
448	9.5410	1.2011
449	9.5480	1.2019
450	9.5550	1.2028
451	9.5620	1.2036
452	9.5690	1.2047
453	9.5760	1.2056
454	9.5830	1.2064
455	9.5900	1.2073
456	9.5970	1.2084
457	9.6040	1.2092
458	9.6110	1.2101
459	9.6180	1.2112
460	9.6250	1.2120
461	9.6320	1.2129
462	9.6390	1.2137
463	9.6460	1.2146
464	9.6530	1.2157
465	9.6600	1.2163
466	9.6660	1.2174
467	9.6740	1.2185
468	9.6800	1.2191
469	9.6870	1.2202
470	9.6940	1.2210
471	9.7010	1.2219
472	9.7080	1.2230
473	9.7150	1.2238
474	9.7220	1.2247
475	9.7290	1.2255
476	9.7360	1.2266
477	9.7430	1.2273
478	9.7500	1.2283
479	9.7570	1.2294
480	9.7640	1.2300
481	9.7710	1.2311
482	9.7780	1.2320
483	9.7850	1.2328
484	9.7920	1.2337
485	9.7980	1.2348
486	9.8050	1.2354
487	9.8120	1.2365
488	9.8190	1.2373
489	9.8260	1.2382
490	9.8330	1.2391
491	9.8400	1.2401
492	9.8470	1.2408
493	9.8540	1.2418
494	9.8610	1.2427
495	9.8680	1.2436
496	9.8750	1.2446
497	9.8820	1.2455
498	9.8880	1.2466
499	9.8950	1.2472
500	9.9020	1.2481
501	9.9090	1.2491
502	9.9160	1.2498
503	9.9230	1.2509
504	9.9300	1.2517
505	9.9370	1.2526
506	9.9440	1.2534
507	9.9510	1.2545
508	9.9580	1.2554
509	9.9640	1.2562
510	9.9710	1.2571
511	9.9780	1.2582
512	9.9850	1.2588
513	9.9920	1.2599
514	9.9990	1.2607
515	10.0060	1.2618
516	10.0130	1.2624
517	10.0200	1.2633
518	10.0260	1.2644
519	10.0330	1.2652
520	10.0400	1.2661
521	10.0470	1.2670
522	10.0540	1.2680
523	10.0610	1.2687
524	10.0680	1.2697
525	10.0750	1.2706
526	10.0820	1.2715
527	10.0880	1.2723
528	10.0950	1.2734
529	10.1020	1.2742
530	10.1090	1.2751
531	10.1160	1.2760
532	10.1230	1.2768
533	10.1300	1.2779
534	10.1360	1.2785
535	10.1430	1.2796
536	10.1500	1.2805
537	10.1570	1.2815
538	10.1640	1.2822
539	10.1710	1.2830
540	10.1780	1.2841
541	10.1840	1.2850
542	10.1910	1.2861
543	10.1980	1.2867
544	10.2050	1.2878
545	10.2120	1.2886
546	10.2190	1.2893
547	10.2260	1.2903
548	10.2320	1.2912
549	10.2390	1.2923
550	10.2460	1.2931
551	10.2530	1.2938
552	10.2600	1.2948
553	10.2670	1.2957
554	10.2730	1.2968
555	10.2800	1.2974
556	10.2870	1.2985
557	10.2940	1.2994
558	10.3010	1.3002
559	10.3080	1.3011
560	10.3140	1.3019
561	10.3210	1.3030
562	10.3280	1.3039
563	10.3350	1.3047
564	10.3420	1.3056
565	10.3490	1.3064
566	10.3550	1.3075
567	10.3620	1.3084
568	10.3690	1.3092
569	10.3760	1.3101
570	10.3830	1.3109
571	10.3900	1.3120
572	10.3960	1.3129
573	10.4030	1.3137
574	10.4100	1.3146
575	10.4170	1.3155
576	10.4240	1.3165
577	10.4300	1.3174
578	10.4370	1.3182
579	10.4440	1.3191
580	10.4510	1.3200
581	10.4580	1.3210
582	10.4640	1.3219
583	10.4710	1.3227
584	10.4780	1.3236
585	10.4850	1.3245
586	10.4920	1.3253
587	10.4980	1.3264
588	10.5050	1.3273
589	10.5120	1.3283
590	10.5190	1.3290
591	10.5260	1.3298
592	10.5320	1.3309
593	10.5390	1.3318
594	10.5460	1.3326
595	10.5530	1.3337
596	10.5600	1.3343
597	10.5660	1.3354
598	10.5730	1.3363
599	10.5800	1.3371
600	10.5870	1.3382
601	10.5940	1.3391
602	10.6000	1.3399
603	10.6070	1.3408
604	10.6140	1.3416
605	10.6210	1.3427
606	10.6280	1.3436
607	10.6340	1.3446
608	10.6410	1.3453
609	10.6480	1.3464
610	10.6550	1.3472
611	10.6620	1.3481
612	10.6680	1.3491
613	10.6750	1.3500
614	10.6820	1.3506
615	10.6890	1.3517
616	10.6960	1.3526
617	10.7020	1.3536
618	10.7090	1.3545
619	10.7160	1.3556
620	10.7230	1.3564
621	10.7300	1.3573
622	10.7360	1.3582
623	10.7430	1.3590
624	10.7500	1.3601
625	10.7570	1.3609
626	10.7640	1.3620
627	10.7700	1.3629
628	10.7770	1.3635
629	10.7840	1.3646
630	10.7910	1.3655
631	10.7980	1.3665
632	10.8040	1.3674
633	10.8110	1.3682
634	10.8180	1.3693
635	10.8250	1.3700
636	10.8320	1.3710
637	10.8380	1.3719
638	10.8450	1.3730
639	10.8520	1.3738
640	10.8590	1.3749
641	10.8660	1.3758
642	10.8720	1.3764
643	10.8790	1.3775
644	10.8860	1.3783
645	10.8930	1.3794
646	10.9000	1.3803
647	10.9060	1.3813
648	10.9130	1.3822
649	10.9200	1.3833
650	10.9270	1.3839
651	10.9340	1.3850
652	10.9410	1.3858
653	10.9470	1.3869
654	10.9540	1.3878
655	10.9610	1.3888
656	10.9680	1.3897
657	10.9750	1.3908
658	10.9820	1.3914
659	10.9880	1.3925
660	10.9950	1.3933
661	11.0020	1.3944
662	11.0090	1.3953
663	11.0160	1.3964
664	11.0220	1.3972
665	11.0290	1.3983
666	11.0360	1.3989
667	11.0430	1.4000
668	11.0500	1.4009
669	11.0560	1.4019
670	11.0630	1.4028
671	11.0700	1.4039
672	11.0770	1.4047
673	11.0840	1.4058
674	11.0910	1.4067
675	11.0980	1.4075
676	11.1040	1.4084
677	11.1110	1.4094
678	11.1180	1.4105
679	11.1250	1.4114
680	11.1320	1.4122
681	11.1380	1.4133
682	11.1450	1.4144
683	11.1520	1.4150
684	11.1590	1.4161
685	11.1660	1.4170
686	11.1730	1.4180
687	11.1800	1.4191
688	11.1860	1.4200
689	11.1930	1.4210
690	11.2000	1.4217
691	11.2070	1.4227
692	11.2140	1.4238
693	11.2200	1.4247
694	11.2270	1.4255
695	11.2340	1.4266
696	11.2410	1.4277
697	11.2480	1.4285
698	11.2550	1.4296
699	11.2620	1.4303
700	11.2680	1.4313
701	11.2750	1.4322
702	11.2820	1.4333
703	11.2890	1.4343
704	11.2960	1.4352
705	11.3030	1.4363
706	11.3100	1.4373
707	11.3160	1.4382
708	11.3230	1.4391
709	11.3300	1.4399
710	11.3370	1.4410
711	11.3440	1.4421
712	11.3510	1.4429
713	11.3580	1.4440
714	11.3640	1.4448
715	11.3710	1.4459
716	11.3780	1.4466
717	11.3850	1.4476
718	11.3920	1.4487
719	11.3990	1.4498
720	11.4060	1.4506
721	11.4120	1.4517
722	11.4190	1.4528
723	11.4260	1.4536
724	11.4330	1.4547
725	11.4400	1.4556
726	11.4470	1.4567
727	11.4540	1.4575
728	11.4600	1.4584
729	11.4670	1.4594
730	11.4740	1.4603
731	11.4810	1.4614
732	11.4880	1.4624
733	11.4950	1.4635
734	11.5020	1.4644
735	11.5080	1.4652
736	11.5150	1.4661
737	11.5220	1.4672
738	11.5290	1.4682
739	11.5360	1.4691
740	11.5430	1.4702
741	11.5500	1.4712
742	11.5560	1.4723
743	11.5630	1.4732
744	11.5700	1.4742
745	11.5770	1.4751
746	11.5840	1.4762
747	11.5910	1.4770
748	11.5980	1.4779
749	11.6040	1.4790
750	11.6110	1.4800
751	11.6180	1.4811
752	11.6250	1.4820
753	11.6320	1.4830
754	11.6390	1.4841
755	11.6460	1.4850
756	11.6520	1.4861
757	11.6590	1.4867
758	11.6660	1.4878
759	11.6730	1.4888
760	11.6800	1.4899
761	11.6870	1.4908
762	11.6940	1.4918
763	11.7000	1.4929
764	11.7070	1.4938
765	11.7140	1.4948
766	11.7210	1.4959
767	11.7280	1.4970
768	11.7350	1.4979
769	11.7420	1.4989
770	11.7480	1.4998
771	11.7550	1.5009
772	11.7620	1.5017
773	11.7690	1.5028
774	11.7760	1.5036
775	11.7830	1.5047
776	11.7900	1.5058
777	11.7960	1.5069
778	11.8030	1.5077
779	11.8100	1.5088
780	11.8170	1.5097
781	11.8240	1.5107
782	11.8310	1.5118
783	11.8380	1.5129
784	11.8440	1.5137
785	11.8510	1.5148
786	11.8580	1.5159
787	11.8650	1.5170
788	11.8720	1.5178
789	11.8780	1.5189
790	11.8850	1.5200
791	11.8920	1.5210
792	11.8990	1.5219
793	11.9060	1.5230
794	11.9130	1.5238
795	11.9190	1.5249
796	11.9260	1.5260
797	11.9330	1.5268
798	11.9400	1.5279
799	11.9470	1.5290
800	11.9540	1.5298
801	11.9600	1.5309
802	11.9670	1.5320
803	11.9740	1.5330
804	11.9810	1.5339
805	11.9880	1.5350
806	11.9940	1.5361
807	12.0010	1.5369
808	12.0080	1.5380
809	12.0150	1.5391
810	12.0220	1.5399
811	12.0280	1.5410
812	12.0350	1.5421
813	12.0420	1.5431
814	12.0490	1.5440
815	12.0550	1.5451
816	12.0620	1.5461
817	12.0690	1.5472
818	12.0760	1.5481
819	12.0820	1.5491
820	12.0890	1.5502
821	12.0960	1.5511
822	12.1030	1.5521
823	12.1100	1.5530
824	12.1160	1.5541
825	12.1230	1.5552
826	12.1300	1.5562
827	12.1370	1.5573
828	12.1430	1.5584
829	12.1500	1.5594
830	12.1570	1.5603
831	12.1640	1.5614
832	12.1700	1.5622
833	12.1770	1.5633
834	12.1840	1.5644
835	12.1900	1.5652
836	12.1970	1.5663
837	12.2040	1.5676
838	12.2110	1.5685
839	12.2170	1.5695
840	12.2240	1.5706
841	12.2310	1.5715
842	12.2370	1.5725
843	12.2440	1.5734
844	12.2510	1.5747
845	12.2580	1.5758
846	12.2640	1.5766
847	12.2710	1.5777
848	12.2780	1.5785
849	12.2840	1.5796
850	12.2910	1.5807
851	12.2980	1.5820
852	12.3040	1.5828
853	12.3110	1.5839
854	12.3180	1.5850
855	12.3240	1.5858
856	12.3310	1.5869
857	12.3380	1.5880
858	12.3440	1.5891
859	12.3510	1.5901
860	12.3580	1.5910
861	12.3640	1.5921
862	12.3710	1.5931
863	12.3770	1.5942
864	12.3840	1.5951
865	12.3910	1.5961
866	12.3970	1.5972
867	12.4040	1.5983
868	12.4100	1.5994
869	12.4170	1.6002
870	12.4240	1.6013
871	12.4300	1.6026
872	12.4370	1.6034
873	12.4440	1.6043
874	12.4500	1.6054
875	12.4570	1.6067
876	12.4630	1.6075
877	12.4700	1.6086
878	12.4760	1.6097
879	12.4830	1.6105
880	12.4900	1.6116
881	12.4960	1.6127
882	12.5030	1.6137
883	12.5090	1.6148
884	12.5160	1.6159
885	12.5220	1.6167
886	12.5290	1.6178
887	12.5360	1.6191
888	12.5420	1.6200
889	12.5490	1.6208
890	12.5550	1.6221
891	12.5620	1.6230
892	12.5680	1.6240
893	12.5750	1.6253
894	12.5810	1.6262
895	12.5880	1.6270
896	12.5940	1.6283
897	12.6010	1.6294
898	12.6070	1.6303
899	12.6140	1.6315
900	12.6200	1.6324
901	12.6270	1.6335
902	12.6330	1.6345
903	12.6400	1.6356
904	12.6460	1.6365
905	12.6530	1.6376
906	12.6590	1.6386
907	12.6660	1.6397
908	12.6720	1.6408
909	12.6790	1.6416
910	12.6850	1.6429
911	12.6920	1.6440
912	12.6980	1.6448
913	12.7050	1.6461
914	12.7110	1.6470
915	12.7180	1.6481
916	12.7240	1.6491
917	12.7300	1.6500
918	12.7370	1.6513
919	12.7430	1.6524
920	12.7500	1.6532
921	12.7560	1.6543
922	12.7630	1.6554
923	12.7690	1.6564
924	12.7760	1.6575
925	12.7820	1.6586
926	12.7880	1.6597
927	12.7950	1.6607
928	12.8010	1.6616
929	12.8080	1.6627
930	12.8140	1.6637
931	12.8200	1.6648
932	12.8270	1.6659
933	12.8330	1.6670
934	12.8400	1.6680
935	12.8460	1.6691
936	12.8520	1.6702
937	12.8590	1.6710
938	12.8650	1.6723
939	12.8720	1.6732
940	12.8780	1.6745
941	12.8840	1.6753
942	12.8910	1.6766
943	12.8970	1.6775
944	12.9030	1.6785
945	12.9100	1.6796
946	12.9160	1.6807
947	12.9220	1.6818
948	12.9290	1.6828
949	12.9350	1.6837
950	12.9420	1.6850
951	12.9480	1.6858
952	12.9540	1.6871
953	12.9600	1.6880
954	12.9670	1.6891
955	12.9730	1.6901
956	12.9800	1.6912
957	12.9860	1.6923
958	12.9920	1.6933
959	12.9980	1.6944
960	13.0050	1.6955
961	13.0110	1.6966
962	13.0170	1.6976
963	13.0240	1.6987
964	13.0300	1.6996
965	13.0360	1.7009
966	13.0430	1.7019
967	13.0490	1.7030
968	13.0550	1.7041
969	13.0620	1.7052
970	13.0680	1.7062
971	13.0740	1.7071
972	13.0800	1.7084
973	13.0870	1.7092
974	13.0930	1.7103
975	13.0990	1.7116
976	13.1060	1.7127
977	13.1120	1.7137
978	13.1180	1.7146
979	13.1240	1.7159
980	13.1310	1.7170
981	13.1370	1.7178
982	13.1430	1.7191
983	13.1500	1.7202
984	13.1560	1.7210
985	13.1620	1.7223
986	13.1680	1.7234
987	13.1750	1.7245
988	13.1810	1.7255
989	13.1870	1.7266
990	13.1930	1.7277
991	13.2000	1.7290
992	13.2060	1.7298
993	13.2120	1.7309
994	13.2180	1.7320
995	13.2250	1.7330
996	13.2310	1.7341
997	13.2370	1.7352
998	13.2440	1.7363
999	13.2500	1.7376
1000	13.2560	1.7384
1001	13.2620	1.7395
1002	13.2680	1.7408
1003	13.2750	1.7416
1004	13.2810	1.7429
1005	13.2870	1.7440
1006	13.2930	1.7448
1007	13.3000	1.7461
1008	13.3060	1.7472
1009	13.3120	1.7483
1010	13.3180	1.7494
1011	13.3250	1.7506
1012	13.3310	1.7515
1013	13.3370	1.7526
1014	13.3430	1.7539
1015	13.3500	1.7547
1016	13.3560	1.7560
1017	13.3620	1.7571
1018	13.3680	1.7584
1019	13.3740	1.7592
1020	13.3810	1.7603
1021	13.3870	1.7616
1022	13.3930	1.7624
1023	13.3990	1.7637
1024	13.4060	1.7648
1025	13.4120	1.7659
1026	13.4180	1.7670
1027	13.4240	1.7682
1028	13.4300	1.7693
1029	13.4370	1.7702
1030	13.4430	1.7715
1031	13.4490	1.7725
1032	13.4550	1.7736
1033	13.4610	1.7747
1034	13.4680	1.7760
1035	13.4740	1.7768
1036	13.4800	1.7781
1037	13.4860	1.7792
1038	13.4920	1.7803
1039	13.4990	1.7813
1040	13.5050	1.7824
1041	13.5110	1.7837
1042	13.5170	1.7848
1043	13.5240	1.7858
1044	13.5300	1.7869
1045	13.5360	1.7882
1046	13.5420	1.7893
1047	13.5480	1.7903
1048	13.5540	1.7914
1049	13.5610	1.7925
1050	13.5670	1.7936
1051	13.5730	1.7946
1052	13.5790	1.7959
1053	13.5860	1.7970
1054	13.5920	1.7983
1055	13.5980	1.7994
1056	13.6040	1.8004
1057	13.6100	1.8017
1058	13.6160	1.8028
1059	13.6230	1.8039
1060	13.6290	1.8049
1061	13.6350	1.8062
1062	13.6410	1.8073
1063	13.6480	1.8086
1064	13.6540	1.8094
1065	13.6600	1.8107
1066	13.6660	1.8118
1067	13.6720	1.8131
1068	13.6780	1.8139
1069	13.6850	1.8152
1070	13.6910	1.8163
1071	13.6970	1.8176
1072	13.7030	1.8185
1073	13.7100	1.8197
1074	13.7160	1.8210
1075	13.7220	1.8221
1076	13.7280	1.8232
1077	13.7340	1.8242
1078	13.7400	1.8253
1079	13.7470	1.8266
1080	13.7530	1.8279
1081	13.7590	1.8288
1082	13.7650	1.8300
1083	13.7710	1.8313
1084	13.7780	1.8324
1085	13.7840	1.8337
1086	13.7900	1.8348
1087	13.7960	1.8356
1088	13.8020	1.8369
1089	13.8080	1.8382
1090	13.8150	1.8393
1091	13.8210	1.8406
1092	13.8270	1.8416
1093	13.8330	1.8427
1094	13.8400	1.8440
1095	13.8460	1.8451
1096	13.8520	1.8464
1097	13.8580	1.8476
1098	13.8640	1.8485
1099	13.8700	1.8498
1100	13.8770	1.8511
1101	13.8830	1.8521
1102	13.8890	1.8534
1103	13.8950	1.8543
1104	13.9010	1.8556
1105	13.9080	1.8569
1106	13.9140	1.8579
1107	13.9200	1.8592
1108	13.9260	1.8603
1109	13.9320	1.8614
1110	13.9380	1.8627
1111	13.9450	1.8637
1112	13.9510	1.8650
1113	13.9570	1.8661
1114	13.9630	1.8674
1115	13.9690	1.8687
1116	13.9760	1.8695
1117	13.9820	1.8708
1118	13.9880	1.8721
1119	13.9940	1.8732
1120	14.0000	1.8745
1121	14.0060	1.8758
1122	14.0130	1.8768
1123	14.0190	1.8779
1124	14.0250	1.8792
1125	14.0310	1.8805
1126	14.0370	1.8815
1127	14.0440	1.8828
1128	14.0500	1.8841
1129	14.0560	1.8850
1130	14.0620	1.8863
1131	14.0680	1.8876
1132	14.0740	1.8886
1133	14.0810	1.8899
1134	14.0870	1.8912
1135	14.0930	1.8925
1136	14.0990	1.8936
1137	14.1050	1.8948
1138	14.1120	1.8959
1139	14.1180	1.8970
1140	14.1240	1.8983
1141	14.1300	1.8996
1142	14.1360	1.9006
1143	14.1420	1.9019
1144	14.1480	1.9032
1145	14.1550	1.9045
1146	14.1610	1.9056
1147	14.1670	1.9067
1148	14.1730	1.9079
1149	14.1790	1.9092
1150	14.1860	1.9103
1151	14.1920	1.9116
1152	14.1980	1.9129
1153	14.2040	1.9142
1154	14.2100	1.9152
1155	14.2160	1.9163
1156	14.2230	1.9176
1157	14.2290	1.9189
1158	14.2350	1.9202
1159	14.2410	1.9212
1160	14.2470	1.9225
1161	14.2530	1.9238
1162	14.2600	1.9249
1163	14.2660	1.9262
1164	14.2720	1.9275
1165	14.2780	1.9288
1166	14.2840	1.9298
1167	14.2900	1.9313
1168	14.2970	1.9322
1169	14.3030	1.9335
1170	14.3090	1.9348
1171	14.3150	1.9361
1172	14.3210	1.9373
1173	14.3270	1.9384
1174	14.3340	1.9397
1175	14.3400	1.9410
1176	14.3460	1.9423
1177	14.3520	1.9433
1178	14.3580	1.9446
1179	14.3640	1.9459
1180	14.3700	1.9472
1181	14.3770	1.9483
1182	14.3830	1.9498
1183	14.3890	1.9506
1184	14.3950	1.9519
1185	14.4010	1.9532
1186	14.4080	1.9545
1187	14.4140	1.9556
1188	14.4200	1.9571
1189	14.4260	1.9584
1190	14.4320	1.9594
1191	14.4380	1.9607
1192	14.4440	1.9620
1193	14.4500	1.9633
1194	14.4570	1.9644
1195	14.4630	1.9657
1196	14.4690	1.9670
1197	14.4750	1.9682
1198	14.4810	1.9695
1199	14.4870	1.9708
1200	14.4940	1.9719
1201	14.5000	1.9732
1202	14.5060	1.9747
1203	14.5120	1.9758
1204	14.5180	1.9770
1205	14.5240	1.9783
1206	14.5300	1.9796
1207	14.5370	1.9807
1208	14.5430	1.9822
1209	14.5490	1.9835
1210	14.5550	1.9845
1211	14.5610	1.9858
1212	14.5670	1.9871
1213	14.5730	1.9884
1214	14.5800	1.9897
1215	14.5860	1.9910
1216	14.5920	1.9923
1217	14.5980	1.9933
1218	14.6040	1.9946
1219	14.6100	1.9959
1220	14.6160	1.9972
1221	14.6220	1.9985
1222	14.6290	1.9998
1223	14.6350	2.0011
1224	14.6410	2.0024
1225	14.6470	2.0034
1226	14.6530	2.0049
1227	14.6590	2.0062
1228	14.6650	2.0073
1229	14.6720	2.0086
1230	14.6780	2.0099
1231	14.6840	2.0112
1232	14.6900	2.0124
1233	14.6960	2.0137
1234	14.7020	2.0150
1235	14.7080	2.0163
1236	14.7140	2.0176
1237	14.7200	2.0187
1238	14.7260	2.0202
1239	14.7330	2.0212
1240	14.7390	2.0225
1241	14.7450	2.0238
1242	14.7510	2.0251
1243	14.7570	2.0264
1244	14.7630	2.0279
1245	14.7690	2.0292
1246	14.7750	2.0305
1247	14.7820	2.0318
1248	14.7880	2.0330
1249	14.7940	2.0343
1250	14.8000	2.0356
1251	14.8060	2.0369
1252	14.8120	2.0380
1253	14.8180	2.0393
1254	14.8240	2.0408
1255	14.8300	2.0418
1256	14.8360	2.0431
1257	14.8430	2.0444
1258	14.8490	2.0457
1259	14.8550	2.0470
1260	14.8610	2.0483
1261	14.8670	2.0498
1262	14.8730	2.0511
1263	14.8790	2.0524
1264	14.8850	2.0536
1265	14.8910	2.0549
1266	14.8970	2.0562
1267	14.9040	2.0575
1268	14.9100	2.0588
1269	14.9160	2.0599
1270	14.9220	2.0614
1271	14.9280	2.0627
1272	14.9340	2.0642
1273	14.9400	2.0652
1274	14.9460	2.0665
1275	14.9520	2.0678
1276	14.9580	2.0691
1277	14.9640	2.0704
1278	14.9700	2.0717
1279	14.9760	2.0730
1280	14.9830	2.0742
1281	14.9890	2.0755
1282	14.9950	2.0768
1283	15.0010	2.0783
1284	15.0070	2.0796
1285	15.0130	2.0809
1286	15.0190	2.0822
1287	15.0250	2.0835
1288	15.0310	2.0848
1289	15.0370	2.0861
1290	15.0430	2.0873
1291	15.0490	2.0888
1292	15.0560	2.0901
1293	15.0620	2.0914
1294	15.0680	2.0927
1295	15.0740	2.0940
1296	15.0800	2.0953
1297	15.0860	2.0966
1298	15.0920	2.0979
1299	15.0980	2.0994
1300	15.1040	2.1006
1301	15.1100	2.1017
1302	15.1160	2.1032
1303	15.1220	2.1045
1304	15.1280	2.1058
1305	15.1340	2.1069
1306	15.1400	2.1084
1307	15.1460	2.1099
1308	15.1520	2.1112
1309	15.1580	2.1124
1310	15.1640	2.1135
1311	15.1700	2.1148
1312	15.1770	2.1163
1313	15.1830	2.1178
1314	15.1890	2.1189
1315	15.1950	2.1202
1316	15.2010	2.1217
1317	15.2070	2.1230
1318	15.2130	2.1245
1319	15.2190	2.1253
1320	15.2250	2.1268
1321	15.2310	2.1283
1322	15.2370	2.1296
1323	15.2430	2.1309
1324	15.2490	2.1320
1325	15.2550	2.1335
1326	15.2610	2.1350
1327	15.2670	2.1363
1328	15.2730	2.1376
1329	15.2790	2.1386
1330	15.2850	2.1399
1331	15.2910	2.1416
1332	15.2970	2.1429
1333	15.3030	2.1440
1334	15.3090	2.1453
1335	15.3150	2.1468
1336	15.3210	2.1483
1337	15.3280	2.1496
1338	15.3340	2.1506
1339	15.3400	2.1519
1340	15.3460	2.1534
1341	15.3520	2.1547
1342	15.3580	2.1562
1343	15.3640	2.1573
1344	15.3700	2.1586
1345	15.3760	2.1601
1346	15.3820	2.1614
1347	15.3880	2.1629
1348	15.3940	2.1639
1349	15.4000	2.1655
1350	15.4060	2.1667
1351	15.4120	2.1680
1352	15.4180	2.1695
1353	15.4240	2.1708
1354	15.4300	2.1721
1355	15.4360	2.1734
1356	15.4420	2.1747
1357	15.4480	2.1762
1358	15.4540	2.1775
1359	15.4600	2.1788
1360	15.4660	2.1800
1361	15.4720	2.1813
1362	15.4780	2.1828
1363	15.4840	2.1841
1364	15.4900	2.1854
1365	15.4960	2.1867
1366	15.5020	2.1880
1367	15.5080	2.1895
1368	15.5140	2.1908
1369	15.5200	2.1921
1370	15.5260	2.1933
1371	15.5320	2.1946
1372	15.5380	2.1961
1373	15.5440	2.1976
1374	15.5500	2.1987
1375	15.5560	2.2000
1376	15.5620	2.2015
1377	15.5680	2.2028
1378	15.5740	2.2043
1379	15.5800	2.2054
1380	15.5860	2.2067
1381	15.5920	2.2082
1382	15.5980	2.2097
1383	15.6040	2.2109
1384	15.6100	2.2120
1385	15.6160	2.2135
1386	15.6220	2.2150
1387	15.6280	2.2163
1388	15.6340	2.2176
1389	15.6400	2.2189
1390	15.6460	2.2204
1391	15.6520	2.2217
1392	15.6580	2.2230
1393	15.6640	2.2245
1394	15.6700	2.2258
1395	15.6760	2.2270
1396	15.6820	2.2283
1397	15.6880	2.2296
1398	15.6940	2.2311
1399	15.7000	2.2324
1400	15.7060	2.2337
1401	15.7120	2.2350
1402	15.7180	2.2365
1403	15.7240	2.2380
1404	15.7300	2.2391
1405	15.7360	2.2403
1406	15.7420	2.2418
1407	15.7480	2.2433
1408	15.7530	2.2444
1409	15.7590	2.2457
1410	15.7650	2.2472
1411	15.7710	2.2487
1412	15.7770	2.2500
1413	15.7830	2.2511
1414	15.7890	2.2528
1415	15.7950	2.2541
1416	15.8010	2.2554
1417	15.8070	2.2569
1418	15.8130	2.2582
1419	15.8190	2.2594
1420	15.8250	2.2607
1421	15.8310	2.2622
1422	15.8370	2.2635
1423	15.8430	2.2648
1424	15.8490	2.2661
1425	15.8550	2.2674
1426	15.8610	2.2689
1427	15.8670	2.2702
1428	15.8730	2.2715
1429	15.8790	2.2730
1430	15.8850	2.2745
1431	15.8910	2.2755
1432	15.8970	2.2768
1433	15.9030	2.2783
1434	15.9090	2.2798
1435	15.9150	2.2811
1436	15.9210	2.2824
1437	15.9270	2.2839
1438	15.9330	2.2852
1439	15.9390	2.2865
1440	15.9440	2.2878
1441	15.9500	2.2893
1442	15.9560	2.2906
1443	15.9620	2.2918
1444	15.9680	2.2936
1445	15.9740	2.2946
1446	15.9800	2.2959
1447	15.9860	2.2974
1448	15.9920	2.2989
1449	15.9980	2.3000
1450	16.0040	2.3015
1451	16.0100	2.3028
1452	16.0160	2.3043
1453	16.0220	2.3056
1454	16.0280	2.3069
1455	16.0340	2.3082
1456	16.0400	2.3097
1457	16.0460	2.3109
1458	16.0520	2.3122
1459	16.0580	2.3137
1460	16.0640	2.3152
1461	16.0700	2.3163
1462	16.0760	2.3176
1463	16.0820	2.3193
1464	16.0880	2.3206
1465	16.0940	2.3219
1466	16.0990	2.3232
1467	16.1060	2.3247
1468	16.1120	2.3260
1469	16.1170	2.3273
1470	16.1230	2.3285
1471	16.1290	2.3300
1472	16.1350	2.3315
1473	16.1410	2.3328
1474	16.1470	2.3341
1475	16.1530	2.3356
1476	16.1590	2.3369
1477	16.1650	2.3382
1478	16.1710	2.3397
1479	16.1770	2.3410
1480	16.1830	2.3423
1481	16.1890	2.3436
1482	16.1950	2.3451
1483	16.2010	2.3464
1484	16.2070	2.3481
1485	16.2130	2.3491
1486	16.2190	2.3506
1487	16.2250	2.3519
1488	16.2310	2.3534
1489	16.2360	2.3547
1490	16.2420	2.3560
1491	16.2480	2.3573
1492	16.2540	2.3588
1493	16.2600	2.3601
1494	16.2660	2.3614
1495	16.2720	2.3631
1496	16.2780	2.3642
1497	16.2840	2.3657
1498	16.2900	2.3672
1499	16.2960	2.3685
1500	16.3020	2.3697
1501	16.3080	2.3710
1502	16.3140	2.3725
1503	16.3200	2.3740
1504	16.3260	2.3751
1505	16.3320	2.3766
1506	16.3380	2.3781
1507	16.3440	2.3792
1508	16.3500	2.3807
1509	16.3560	2.3822
1510	16.3620	2.3835
1511	16.3680	2.3848
1512	16.3740	2.3863
1513	16.3790	2.3876
1514	16.3850	2.3888
1515	16.3910	2.3901
1516	16.3970	2.3918
1517	16.4030	2.3931
1518	16.4090	2.3944
1519	16.4150	2.3959
1520	16.4210	2.3972
1521	16.4270	2.3985
1522	16.4330	2.3998
1523	16.4390	2.4015
1524	16.4450	2.4026
1525	16.4510	2.4041
1526	16.4570	2.4056
1527	16.4630	2.4069
1528	16.4690	2.4082
1529	16.4750	2.4097
1530	16.4810	2.4112
1531	16.4860	2.4122
1532	16.4920	2.4137
1533	16.4980	2.4152
1534	16.5040	2.4165
1535	16.5100	2.4178
1536	16.5160	2.4193
1537	16.5220	2.4206
1538	16.5280	2.4219
1539	16.5340	2.4236
1540	16.5400	2.4249
1541	16.5460	2.4262
1542	16.5520	2.4275
1543	16.5580	2.4290
1544	16.5640	2.4303
1545	16.5700	2.4315
1546	16.5760	2.4333
1547	16.5820	2.4343
1548	16.5880	2.4358
1549	16.5940	2.4373
1550	16.6000	2.4386
1551	16.6060	2.4399
1552	16.6110	2.4412
1553	16.6170	2.4427
1554	16.6230	2.4440
1555	16.6290	2.4455
1556	16.6350	2.4470
1557	16.6410	2.4483
1558	16.6470	2.4496
1559	16.6530	2.4509
1560	16.6590	2.4524
1561	16.6650	2.4539
1562	16.6710	2.4552
1563	16.6770	2.4567
1564	16.6830	2.4579
1565	16.6890	2.4592
1566	16.6950	2.4607
1567	16.7010	2.4622
1568	16.7060	2.4633
1569	16.7120	2.4650
1570	16.7180	2.4661
1571	16.7240	2.4676
1572	16.7300	2.4689
1573	16.7360	2.4704
1574	16.7420	2.4717
1575	16.7480	2.4732
1576	16.7540	2.4747
1577	16.7600	2.4760
1578	16.7660	2.4773
1579	16.7720	2.4788
1580	16.7780	2.4800
1581	16.7840	2.4815
1582	16.7900	2.4826
1583	16.7960	2.4843
1584	16.8020	2.4856
1585	16.8080	2.4869
1586	16.8140	2.4884
1587	16.8190	2.4897
1588	16.8250	2.4912
1589	16.8310	2.4927
1590	16.8370	2.4940
1591	16.8430	2.4953
1592	16.8490	2.4966
1593	16.8550	2.4981
1594	16.8610	2.4994
1595	16.8670	2.5006
1596	16.8730	2.5024
1597	16.8790	2.5036
1598	16.8850	2.5049
1599	16.8910	2.5064
1600	16.8970	2.5077
1601	16.9020	2.5090
1602	16.9080	2.5107
1603	16.9140	2.5120
1604	16.9200	2.5133
1605	16.9260	2.5148
1606	16.9320	2.5161
1607	16.9380	2.5176
1608	16.9440	2.5187
1609	16.9500	2.5204
1610	16.9560	2.5215
1611	16.9620	2.5232
1612	16.9680	2.5245
1613	16.9740	2.5258
1614	16.9800	2.5273
1615	16.9860	2.5285
1616	16.9920	2.5300
1617	16.9970	2.5315
1618	17.0030	2.5328
1619	17.0090	2.5341
1620	17.0150	2.5354
1621	17.0210	2.5369
1622	17.0270	2.5382
1623	17.0330	2.5397
1624	17.0390	2.5412
1625	17.0450	2.5425
1626	17.0510	2.5438
1627	17.0570	2.5453
1628	17.0630	2.5468
1629	17.0680	2.5481
1630	17.0740	2.5496
1631	17.0800	2.5509
1632	17.0860	2.5521
1633	17.0920	2.5536
1634	17.0980	2.5549
1635	17.1040	2.5564
1636	17.1100	2.5579
1637	17.1160	2.5592
1638	17.1220	2.5605
1639	17.1280	2.5620
1640	17.1340	2.5633
1641	17.1400	2.5646
1642	17.1460	2.5663
1643	17.1510	2.5676
1644	17.1570	2.5689
1645	17.1630	2.5704
1646	17.1690	2.5717
1647	17.1750	2.5730
1648	17.1810	2.5745
1649	17.1870	2.5760
1650	17.1930	2.5773
1651	17.1990	2.5788
1652	17.2050	2.5800
1653	17.2100	2.5813
1654	17.2160	2.5830
1655	17.2220	2.5843
1656	17.2280	2.5856
1657	17.2340	2.5871
1658	17.2400	2.5884
1659	17.2460	2.5897
1660	17.2520	2.5912
1661	17.2580	2.5925
1662	17.2640	2.5940
1663	17.2700	2.5953
1664	17.2750	2.5968
1665	17.2810	2.5981
1666	17.2870	2.5996
1667	17.2930	2.6011
1668	17.2990	2.6021
1669	17.3050	2.6039
1670	17.3110	2.6052
1671	17.3170	2.6064
1672	17.3230	2.6079
1673	17.3280	2.6092
1674	17.3340	2.6105
1675	17.3400	2.6122
1676	17.3460	2.6133
1677	17.3520	2.6150
1678	17.3580	2.6163
1679	17.3640	2.6176
1680	17.3700	2.6189
1681	17.3760	2.6204
1682	17.3820	2.6217
1683	17.3870	2.6232
1684	17.3930	2.6245
1685	17.3990	2.6260
1686	17.4050	2.6275
1687	17.4110	2.6288
1688	17.4170	2.6303
1689	17.4230	2.6315
1690	17.4280	2.6330
1691	17.4340	2.6343
1692	17.4400	2.6358
1693	17.4460	2.6371
1694	17.4520	2.6386
1695	17.4580	2.6399
1696	17.4640	2.6414
1697	17.4700	2.6427
1698	17.4760	2.6442
1699	17.4810	2.6455
1700	17.4870	2.6470
1701	17.4930	2.6483
1702	17.4990	2.6498
1703	17.5050	2.6511
1704	17.5110	2.6524
1705	17.5170	2.6539
1706	17.5220	2.6554
1707	17.5280	2.6564
1708	17.5340	2.6582
1709	17.5400	2.6594
1710	17.5460	2.6609
1711	17.5520	2.6622
1712	17.5580	2.6637
1713	17.5630	2.6650
1714	17.5690	2.6665
1715	17.5750	2.6678
1716	17.5810	2.6691
1717	17.5870	2.6706
1718	17.5930	2.6721
1719	17.5980	2.6734
1720	17.6040	2.6747
1721	17.6100	2.6762
1722	17.6160	2.6775
1723	17.6220	2.6790
1724	17.6280	2.6803
1725	17.6340	2.6818
1726	17.6390	2.6833
1727	17.6450	2.6845
1728	17.6510	2.6861
1729	17.6570	2.6873
1730	17.6630	2.6886
1731	17.6690	2.6901
1732	17.6740	2.6914
1733	17.6800	2.6931
1734	17.6860	2.6942
1735	17.6920	2.6955
1736	17.6980	2.6972
1737	17.7040	2.6983
1738	17.7100	2.7000
1739	17.7150	2.7013
1740	17.7210	2.7026
1741	17.7270	2.7041
1742	17.7330	2.7054
1743	17.7390	2.7069
1744	17.7440	2.7084
1745	17.7500	2.7094
1746	17.7560	2.7112
1747	17.7620	2.7124
1748	17.7680	2.7137
1749	17.7740	2.7152
1750	17.7790	2.7165
1751	17.7850	2.7180
1752	17.7910	2.7193
1753	17.7970	2.7208
1754	17.8030	2.7221
1755	17.8080	2.7238
1756	17.8140	2.7249
1757	17.8200	2.7262
1758	17.8260	2.7279
1759	17.8320	2.7290
1760	17.8370	2.7307
1761	17.8430	2.7320
1762	17.8490	2.7335
1763	17.8550	2.7348
1764	17.8610	2.7361
1765	17.8660	2.7376
1766	17.8720	2.7388
1767	17.8780	2.7403
1768	17.8840	2.7416
1769	17.8900	2.7433
1770	17.8950	2.7444
1771	17.9010	2.7459
1772	17.9070	2.7474
1773	17.9130	2.7485
1774	17.9190	2.7502
1775	17.9240	2.7513
1776	17.9300	2.7530
1777	17.9360	2.7543
1778	17.9420	2.7558
1779	17.9480	2.7571
1780	17.9530	2.7584
1781	17.9590	2.7599
1782	17.9650	2.7612
1783	17.9710	2.7627
1784	17.9760	2.7639
1785	17.9820	2.7652
1786	17.9880	2.7667
1787	17.9940	2.7680
1788	18.0000	2.7697
1789	18.0050	2.7708
1790	18.0110	2.7725
1791	18.0170	2.7736
1792	18.0220	2.7751
1793	18.0280	2.7766
1794	18.0340	2.7779
1795	18.0400	2.7794
1796	18.0460	2.7809
1797	18.0510	2.7820
1798	18.0570	2.7835
1799	18.0630	2.7850
1800	18.0690	2.7863
1801	18.0740	2.7878
1802	18.0800	2.7891
1803	18.0860	2.7906
1804	18.0920	2.7918
1805	18.0970	2.7933
1806	18.1030	2.7946
1807	18.1090	2.7959
1808	18.1150	2.7974
1809	18.1200	2.7987
1810	18.1260	2.8002
1811	18.1320	2.8015
1812	18.1380	2.8030
1813	18.1430	2.8043
1814	18.1490	2.8058
1815	18.1550	2.8071
1816	18.1610	2.8086
1817	18.1660	2.8099
1818	18.1720	2.8114
1819	18.1780	2.8127
1820	18.1840	2.8142
1821	18.1890	2.8155
1822	18.1950	2.8170
1823	18.2010	2.8185
1824	18.2060	2.8197
1825	18.2120	2.8210
1826	18.2180	2.8225
1827	18.2240	2.8238
1828	18.2290	2.8251
1829	18.2350	2.8266
1830	18.2410	2.8279
1831	18.2460	2.8294
1832	18.2520	2.8309
1833	18.2580	2.8322
1834	18.2640	2.8337
1835	18.2690	2.8350
1836	18.2750	2.8363
1837	18.2810	2.8378
1838	18.2860	2.8391
1839	18.2920	2.8406
1840	18.2980	2.8421
1841	18.3040	2.8433
1842	18.3090	2.8448
1843	18.3150	2.8461
1844	18.3210	2.8474
1845	18.3260	2.8489
1846	18.3320	2.8504
1847	18.3380	2.8517
1848	18.3440	2.8532
1849	18.3490	2.8545
1850	18.3550	2.8560
1851	18.3610	2.8573
1852	18.3660	2.8588
1853	18.3720	2.8601
1854	18.3780	2.8616
1855	18.3830	2.8629
1856	18.3890	2.8644
