Day	P50	StdDev
0	49.8840	1.4680
1	50.0600	1.4693
2	50.2360	1.4707
3	50.4120	1.4713
4	50.5880	1.4725
5	50.7640	1.4738
6	50.9390	1.4750
7	51.1150	1.4757
8	51.2910	1.4767
9	51.4670	1.4778
10	51.6430	1.4788
11	51.8190	1.4795
12	51.9940	1.4805
13	52.1700	1.4815
14	52.3460	1.4823
15	52.4980	1.4838
16	52.6490	1.4857
17	52.7990	1.4873
18	52.9480	1.4892
19	53.0970	1.4908
20	53.2440	1.4927
21	53.3900	1.4942
22	53.5360	1.4957
23	53.6800	1.4972
24	53.8240	1.4993
25	53.9660	1.5007
26	54.1080	1.5025
27	54.2480	1.5038
28	54.3880	1.5057
29	54.5270	1.5073
30	54.6640	1.5085
31	54.8010	1.5103
32	54.9370	1.5118
33	55.0710	1.5135
34	55.2050	1.5150
35	55.3370	1.5165
36	55.4690	1.5180
37	55.5990	1.5193
38	55.7280	1.5212
39	55.8570	1.5225
40	55.9840	1.5237
41	56.1100	1.5255
42	56.2360	1.5267
43	56.3600	1.5280
44	56.4830	1.5295
45	56.6060	1.5312
46	56.7270	1.5320
47	56.8470	1.5337
48	56.9670	1.5352
49	57.0850	1.5360
50	57.2030	1.5375
51	57.3190	1.5388
52	57.4350	1.5400
53	57.5500	1.5415
54	57.6640	1.5427
55	57.7770	1.5438
56	57.8890	1.5450
57	58.0000	1.5463
58	58.1110	1.5473
59	58.2210	1.5490
60	58.3300	1.5500
61	58.4380	1.5512
62	58.5460	1.5527
63	58.6540	1.5537
64	58.7600	1.5547
65	58.8660	1.5562
66	58.9720	1.5570
67	59.0770	1.5585
68	59.1810	1.5593
69	59.2840	1.5608
70	59.3870	1.5620
71	59.4890	1.5628
72	59.5910	1.5643
73	59.6920	1.5653
74	59.7920	1.5667
75	59.8920	1.5673
76	59.9910	1.5687
77	60.0890	1.5698
78	60.1870	1.5710
79	60.2840	1.5722
80	60.3810	1.5732
81	60.4770	1.5743
82	60.5720	1.5753
83	60.6660	1.5765
84	60.7600	1.5775
85	60.8540	1.5785
86	60.9470	1.5795
87	61.0390	1.5810
88	61.1300	1.5818
89	61.2210	1.5828
90	61.3120	1.5838
91	61.4010	1.5850
92	61.4900	1.5858
93	61.5790	1.5867
94	61.6670	1.5880
95	61.7540	1.5888
96	61.8410	1.5902
97	61.9270	1.5908
98	62.0130	1.5923
99	62.0980	1.5930
100	62.1830	1.5942
101	62.2660	1.5948
102	62.3500	1.5960
103	62.4330	1.5967
104	62.5150	1.5978
105	62.5970	1.5988
106	62.6780	1.5995
107	62.7580	1.6005
108	62.8380	1.6017
109	62.9180	1.6023
110	62.9970	1.6033
111	63.0750	1.6043
112	63.1530	1.6053
113	63.2310	1.6063
114	63.3080	1.6068
115	63.3840	1.6077
116	63.4600	1.6087
117	63.5350	1.6097
118	63.6100	1.6105
119	63.6840	1.6113
120	63.7580	1.6123
121	63.8310	1.6132
122	63.9040	1.6140
123	63.9760	1.6148
124	64.0480	1.6157
125	64.1200	1.6165
126	64.1910	1.6172
127	64.2610	1.6180
128	64.3310	1.6187
129	64.4010	1.6195
130	64.4700	1.6203
131	64.5380	1.6210
132	64.6070	1.6222
133	64.6740	1.6228
134	64.7420	1.6237
135	64.8090	1.6243
136	64.8760	1.6248
137	64.9420	1.6262
138	65.0070	1.6268
139	65.0730	1.6273
140	65.1380	1.6280
141	65.2030	1.6292
142	65.2670	1.6297
143	65.3310	1.6303
144	65.3950	1.6313
145	65.4580	1.6320
146	65.5210	1.6330
147	65.5830	1.6335
148	65.6460	1.6342
149	65.7080	1.6352
150	65.7690	1.6357
151	65.8300	1.6367
152	65.8910	1.6370
153	65.9520	1.6380
154	66.0120	1.6387
155	66.0720	1.6397
156	66.1320	1.6400
157	66.1910	1.6410
158	66.2500	1.6420
159	66.3090	1.6423
160	66.3670	1.6432
161	66.4260	1.6437
162	66.4840	1.6445
163	66.5410	1.6455
164	66.5980	1.6458
165	66.6560	1.6468
166	66.7120	1.6478
167	66.7690	1.6480
168	66.8250	1.6488
169	66.8820	1.6498
170	66.9370	1.6507
171	66.9930	1.6513
172	67.0480	1.6518
173	67.1040	1.6525
174	67.1580	1.6535
175	67.2130	1.6543
176	67.2680	1.6552
177	67.3220	1.6553
178	67.3760	1.6563
179	67.4300	1.6570
180	67.4840	1.6578
181	67.5370	1.6587
182	67.5900	1.6595
183	67.6440	1.6602
184	67.6960	1.6608
185	67.7490	1.6617
186	67.8020	1.6625
187	67.8540	1.6633
188	67.9060	1.6640
189	67.9580	1.6648
190	68.0100	1.6655
191	68.0620	1.6662
192	68.1130	1.6670
193	68.1650	1.6677
194	68.2160	1.6683
195	68.2670	1.6690
196	68.3180	1.6698
197	68.3680	1.6712
198	68.4190	1.6717
199	68.4700	1.6725
200	68.5200	1.6732
201	68.5700	1.6740
202	68.6200	1.6747
203	68.6700	1.6758
204	68.7200	1.6765
205	68.7690	1.6770
206	68.8190	1.6778
207	68.8680	1.6790
208	68.9170	1.6797
209	68.9660	1.6803
210	69.0150	1.6810
211	69.0640	1.6822
212	69.1130	1.6828
213	69.1620	1.6835
214	69.2100	1.6847
215	69.2580	1.6853
216	69.3070	1.6860
217	69.3550	1.6870
218	69.4030	1.6877
219	69.4510	1.6890
220	69.4990	1.6897
221	69.5470	1.6902
222	69.5940	1.6912
223	69.6420	1.6920
224	69.6900	1.6932
225	69.7370	1.6937
226	69.7840	1.6948
227	69.8320	1.6955
228	69.8790	1.6967
229	69.9260	1.6972
230	69.9730	1.6983
231	70.0200	1.6990
232	70.0660	1.7002
233	70.1130	1.7007
234	70.1600	1.7018
235	70.2060	1.7025
236	70.2530	1.7035
237	70.2990	1.7042
238	70.3460	1.7052
239	70.3920	1.7063
240	70.4380	1.7070
241	70.4840	1.7080
242	70.5300	1.7092
243	70.5760	1.7098
244	70.6220	1.7108
245	70.6680	1.7113
246	70.7140	1.7125
247	70.7600	1.7137
248	70.8060	1.7142
249	70.8510	1.7153
250	70.8970	1.7163
251	70.9420	1.7175
252	70.9880	1.7180
253	71.0330	1.7190
254	71.0780	1.7202
255	71.1240	1.7212
256	71.1690	1.7218
257	71.2140	1.7230
258	71.2590	1.7240
259	71.3040	1.7250
260	71.3490	1.7257
261	71.3940	1.7268
262	71.4380	1.7278
263	71.4830	1.7290
264	71.5280	1.7300
265	71.5720	1.7305
266	71.6170	1.7317
267	71.6620	1.7327
268	71.7060	1.7337
269	71.7500	1.7348
270	71.7950	1.7358
271	71.8390	1.7370
272	71.8830	1.7380
273	71.9270	1.7385
274	71.9710	1.7395
275	72.0150	1.7407
276	72.0590	1.7418
277	72.1030	1.7428
278	72.1470	1.7438
279	72.1910	1.7450
280	72.2350	1.7460
281	72.2780	1.7470
282	72.3220	1.7480
283	72.3660	1.7492
284	72.4090	1.7502
285	72.4520	1.7512
286	72.4960	1.7523
287	72.5390	1.7533
288	72.5820	1.7543
289	72.6250	1.7555
290	72.6680	1.7565
291	72.7120	1.7575
292	72.7540	1.7585
293	72.7970	1.7595
294	72.8400	1.7607
295	72.8830	1.7617
296	72.9260	1.7627
297	72.9680	1.7638
298	73.0110	1.7647
299	73.0540	1.7662
300	73.0960	1.7673
301	73.1380	1.7685
302	73.1810	1.7693
303	73.2230	1.7703
304	73.2650	1.7715
305	73.3080	1.7725
306	73.3500	1.7735
307	73.3920	1.7752
308	73.4340	1.7762
309	73.4760	1.7772
310	73.5180	1.7782
311	73.5590	1.7792
312	73.6010	1.7802
313	73.6430	1.7817
314	73.6840	1.7828
315	73.7260	1.7837
316	73.7680	1.7848
317	73.8090	1.7857
318	73.8510	1.7873
319	73.8920	1.7883
320	73.9330	1.7893
321	73.9740	1.7902
322	74.0160	1.7918
323	74.0570	1.7930
324	74.0980	1.7940
325	74.1390	1.7950
326	74.1800	1.7963
327	74.2210	1.7973
328	74.2620	1.7983
329	74.3030	1.8000
330	74.3430	1.8010
331	74.3840	1.8020
332	74.4250	1.8030
333	74.4650	1.8045
334	74.5060	1.8055
335	74.5460	1.8065
336	74.5870	1.8080
337	74.6270	1.8090
338	74.6680	1.8100
339	74.7080	1.8117
340	74.7480	1.8125
341	74.7880	1.8135
342	74.8280	1.8152
343	74.8690	1.8160
344	74.9090	1.8170
345	74.9490	1.8185
346	74.9890	1.8195
347	75.0280	1.8212
348	75.0680	1.8220
349	75.1080	1.8230
350	75.1480	1.8247
351	75.1880	1.8255
352	75.2270	1.8270
353	75.2670	1.8280
354	75.3060	1.8288
355	75.3460	1.8307
356	75.3860	1.8315
357	75.4250	1.8330
358	75.4640	1.8340
359	75.5040	1.8355
360	75.5430	1.8365
361	75.5820	1.8380
362	75.6220	1.8390
363	75.6610	1.8400
364	75.7000	1.8413
365	75.7390	1.8423
366	75.7780	1.8440
367	75.8170	1.8450
368	75.8560	1.8465
369	75.8950	1.8473
370	75.9340	1.8490
371	75.9730	1.8500
372	76.0120	1.8515
373	76.0500	1.8525
374	76.0890	1.8538
375	76.1280	1.8548
376	76.1660	1.8565
377	76.2050	1.8573
378	76.2440	1.8588
379	76.2820	1.8598
380	76.3210	1.8613
381	76.3590	1.8628
382	76.3980	1.8638
383	76.4360	1.8653
384	76.4740	1.8663
385	76.5120	1.8678
386	76.5510	1.8687
387	76.5890	1.8702
388	76.6270	1.8712
389	76.6650	1.8727
390	76.7030	1.8743
391	76.7410	1.8750
392	76.7790	1.8767
393	76.8170	1.8777
394	76.8550	1.8790
395	76.8930	1.8805
396	76.9300	1.8815
397	76.9680	1.8830
398	77.0060	1.8840
399	77.0440	1.8855
400	77.0810	1.8870
401	77.1190	1.8880
402	77.1560	1.8895
403	77.1940	1.8910
404	77.2310	1.8918
405	77.2690	1.8935
406	77.3060	1.8943
407	77.3430	1.8958
408	77.3810	1.8973
409	77.4180	1.8983
410	77.4550	1.8997
411	77.4920	1.9013
412	77.5300	1.9022
413	77.5660	1.9038
414	77.6040	1.9052
415	77.6410	1.9062
416	77.6780	1.9077
417	77.7140	1.9092
418	77.7510	1.9102
419	77.7880	1.9115
420	77.8250	1.9130
421	77.8620	1.9140
422	77.8990	1.9155
423	77.9350	1.9170
424	77.9720	1.9180
425	78.0080	1.9195
426	78.0450	1.9210
427	78.0820	1.9225
428	78.1180	1.9233
429	78.1550	1.9248
430	78.1910	1.9263
431	78.2280	1.9272
432	78.2640	1.9287
433	78.3000	1.9303
434	78.3360	1.9318
435	78.3730	1.9327
436	78.4090	1.9340
437	78.4450	1.9357
438	78.4810	1.9372
439	78.5170	1.9380
440	78.5530	1.9395
441	78.5890	1.9410
442	78.6250	1.9425
443	78.6610	1.9435
444	78.6970	1.9448
445	78.7330	1.9463
446	78.7690	1.9480
447	78.8050	1.9487
448	78.8410	1.9503
449	78.8760	1.9518
450	78.9120	1.9533
451	78.9480	1.9542
452	78.9840	1.9555
453	79.0190	1.9570
454	79.0550	1.9587
455	79.0900	1.9602
456	79.1260	1.9610
457	79.1610	1.9625
458	79.1970	1.9640
459	79.2320	1.9655
460	79.2680	1.9670
461	79.3030	1.9680
462	79.3380	1.9693
463	79.3740	1.9708
464	79.4090	1.9723
465	79.4440	1.9738
466	79.4790	1.9747
467	79.5140	1.9762
468	79.5500	1.9777
469	79.5850	1.9792
470	79.6200	1.9807
471	79.6550	1.9822
472	79.6900	1.9830
473	79.7250	1.9845
474	79.7600	1.9860
475	79.7950	1.9875
476	79.8300	1.9890
477	79.8640	1.9905
478	79.8990	1.9913
479	79.9340	1.9928
480	79.9690	1.9943
481	80.0040	1.9958
482	80.0380	1.9973
483	80.0730	1.9987
484	80.1080	2.0002
485	80.1420	2.0012
486	80.1770	2.0027
487	80.2110	2.0042
488	80.2460	2.0057
489	80.2800	2.0072
490	80.3150	2.0085
491	80.3490	2.0100
492	80.3840	2.0108
493	80.4180	2.0123
494	80.4520	2.0138
495	80.4870	2.0153
496	80.5210	2.0167
497	80.5550	2.0183
498	80.5900	2.0198
499	80.6240	2.0212
500	80.6580	2.0227
501	80.6920	2.0237
502	80.7260	2.0250
503	80.7600	2.0265
504	80.7940	2.0280
505	80.8280	2.0295
506	80.8620	2.0310
507	80.8960	2.0325
508	80.9300	2.0340
509	80.9640	2.0353
510	80.9980	2.0370
511	81.0320	2.0383
512	81.0660	2.0398
513	81.0990	2.0407
514	81.1330	2.0423
515	81.1670	2.0437
516	81.2000	2.0452
517	81.2340	2.0467
518	81.2680	2.0482
519	81.3010	2.0495
520	81.3350	2.0510
521	81.3680	2.0525
522	81.4020	2.0540
523	81.4350	2.0555
524	81.4690	2.0570
525	81.5020	2.0585
526	81.5360	2.0598
527	81.5690	2.0613
528	81.6020	2.0628
529	81.6360	2.0643
530	81.6690	2.0652
531	81.7020	2.0667
532	81.7350	2.0682
533	81.7680	2.0695
534	81.8020	2.0712
535	81.8350	2.0725
536	81.8680	2.0740
537	81.9010	2.0755
538	81.9340	2.0770
539	81.9670	2.0783
540	82.0000	2.0800
541	82.0330	2.0813
542	82.0660	2.0830
543	82.0990	2.0843
544	82.1320	2.0858
545	82.1640	2.0872
546	82.1970	2.0888
547	82.2300	2.0903
548	82.2630	2.0917
549	82.2960	2.0932
550	82.3280	2.0947
551	82.3610	2.0960
552	82.3940	2.0975
553	82.4260	2.0990
554	82.4590	2.1005
555	82.4910	2.1020
556	82.5240	2.1035
557	82.5560	2.1050
558	82.5890	2.1063
559	82.6210	2.1078
560	82.6540	2.1092
561	82.6860	2.1107
562	82.7180	2.1123
563	82.7500	2.1138
564	82.7830	2.1152
565	82.8150	2.1167
566	82.8470	2.1182
567	82.8800	2.1195
568	82.9120	2.1210
569	82.9440	2.1225
570	82.9760	2.1240
571	83.0080	2.1253
572	83.0400	2.1270
573	83.0720	2.1283
574	83.1040	2.1298
575	83.1360	2.1313
576	83.1680	2.1333
577	83.2000	2.1350
578	83.2320	2.1363
579	83.2640	2.1378
580	83.2960	2.1392
581	83.3270	2.1407
582	83.3590	2.1422
583	83.3910	2.1437
584	83.4230	2.1452
585	83.4540	2.1465
586	83.4860	2.1480
587	83.5180	2.1495
588	83.5490	2.1510
589	83.5810	2.1523
590	83.6120	2.1538
591	83.6440	2.1553
592	83.6750	2.1568
593	83.7070	2.1583
594	83.7380	2.1598
595	83.7700	2.1612
596	83.8010	2.1633
597	83.8330	2.1648
598	83.8640	2.1663
599	83.8950	2.1677
600	83.9270	2.1692
601	83.9580	2.1707
602	83.9890	2.1720
603	84.0200	2.1735
604	84.0520	2.1750
605	84.0830	2.1763
606	84.1140	2.1780
607	84.1450	2.1793
608	84.1760	2.1808
609	84.2070	2.1822
610	84.2380	2.1845
611	84.2700	2.1858
612	84.3010	2.1873
613	84.3320	2.1888
614	84.3630	2.1902
615	84.3940	2.1918
616	84.4240	2.1932
617	84.4550	2.1945
618	84.4860	2.1960
619	84.5170	2.1975
620	84.5480	2.1990
621	84.5790	2.2012
622	84.6100	2.2025
623	84.6400	2.2040
624	84.6710	2.2053
625	84.7020	2.2068
626	84.7320	2.2085
627	84.7630	2.2098
628	84.7940	2.2113
629	84.8240	2.2128
630	84.8550	2.2142
631	84.8860	2.2162
632	84.9160	2.2177
633	84.9460	2.2192
634	84.9770	2.2207
635	85.0080	2.2222
636	85.0380	2.2237
637	85.0680	2.2250
638	85.0990	2.2265
639	85.1290	2.2280
640	85.1590	2.2302
641	85.1900	2.2315
642	85.2200	2.2330
643	85.2500	2.2345
644	85.2800	2.2358
645	85.3110	2.2373
646	85.3410	2.2387
647	85.3710	2.2403
648	85.4010	2.2417
649	85.4310	2.2438
650	85.4620	2.2452
651	85.4920	2.2468
652	85.5220	2.2482
653	85.5520	2.2497
654	85.5820	2.2512
655	85.6120	2.2525
656	85.6420	2.2540
657	85.6720	2.2562
658	85.7020	2.2575
659	85.7310	2.2590
660	85.7610	2.2605
661	85.7910	2.2620
662	85.8210	2.2633
663	85.8510	2.2648
664	85.8810	2.2668
665	85.9100	2.2685
666	85.9400	2.2698
667	85.9700	2.2713
668	86.0000	2.2728
669	86.0290	2.2742
670	86.0590	2.2757
671	86.0880	2.2772
672	86.1180	2.2793
673	86.1480	2.2807
674	86.1770	2.2822
675	86.2070	2.2835
676	86.2360	2.2850
677	86.2660	2.2863
678	86.2950	2.2878
679	86.3250	2.2900
680	86.3540	2.2915
681	86.3840	2.2930
682	86.4130	2.2943
683	86.4420	2.2958
684	86.4720	2.2973
685	86.5010	2.2987
686	86.5310	2.3008
687	86.5600	2.3023
688	86.5890	2.3037
689	86.6180	2.3052
690	86.6480	2.3067
691	86.6770	2.3080
692	86.7060	2.3097
693	86.7350	2.3117
694	86.7640	2.3132
695	86.7940	2.3145
696	86.8230	2.3160
697	86.8520	2.3175
698	86.8810	2.3190
699	86.9100	2.3203
700	86.9390	2.3225
701	86.9680	2.3240
702	86.9970	2.3253
703	87.0260	2.3268
704	87.0550	2.3283
705	87.0840	2.3297
706	87.1130	2.3313
707	87.1420	2.3333
708	87.1710	2.3347
709	87.2000	2.3363
710	87.2290	2.3377
711	87.2580	2.3392
712	87.2860	2.3405
713	87.3150	2.3420
714	87.3440	2.3442
715	87.3730	2.3457
716	87.4010	2.3472
717	87.4300	2.3485
718	87.4590	2.3500
719	87.4880	2.3515
720	87.5160	2.3528
721	87.5450	2.3550
722	87.5740	2.3565
723	87.6020	2.3580
724	87.6310	2.3593
725	87.6590	2.3608
726	87.6880	2.3622
727	87.7160	2.3637
728	87.7450	2.3658
729	87.7730	2.3672
730	87.8020	2.3687
731	87.1300	2.3702
732	87.1590	2.3717
733	87.1870	2.3730
734	87.2160	2.3745
735	87.2440	2.3767
736	87.2720	2.3782
737	87.3010	2.3795
738	87.3290	2.3810
739	87.3570	2.3823
740	87.3850	2.3838
741	87.4140	2.3853
742	87.4420	2.3875
743	87.4700	2.3890
744	87.4980	2.3903
745	87.5260	2.3918
746	87.5540	2.3932
747	87.5830	2.3948
748	87.6110	2.3962
749	87.6390	2.3977
750	87.6670	2.3997
751	87.6950	2.4012
752	87.7230	2.4027
753	87.7510	2.4040
754	87.7790	2.4055
755	87.8070	2.4070
756	87.8350	2.4085
757	87.8620	2.4105
758	87.8900	2.4120
759	87.9180	2.4133
760	87.9460	2.4150
761	87.9740	2.4163
762	88.0020	2.4178
763	88.0290	2.4192
764	88.0570	2.4207
765	88.0850	2.4228
766	88.1120	2.4242
767	88.1400	2.4257
768	88.1680	2.4272
769	88.1950	2.4285
770	88.2230	2.4300
771	88.2500	2.4315
772	88.2780	2.4337
773	88.3050	2.4350
774	88.3330	2.4365
775	88.3600	2.4378
776	88.3880	2.4393
777	88.4150	2.4407
778	88.4420	2.4422
779	88.4700	2.4437
780	88.4970	2.4458
781	88.5240	2.4472
782	88.5520	2.4487
783	88.5790	2.4500
784	88.6060	2.4515
785	88.6340	2.4532
786	88.6610	2.4545
787	88.6880	2.4560
788	88.7150	2.4573
789	88.7420	2.4595
790	88.7690	2.4608
791	88.7960	2.4623
792	88.8230	2.4638
793	88.8500	2.4652
794	88.8780	2.4665
795	88.9040	2.4682
796	88.9310	2.4695
797	88.9580	2.4708
798	88.9850	2.4732
799	89.0120	2.4745
800	89.0390	2.4760
801	89.0660	2.4773
802	89.0930	2.4788
803	89.1200	2.4802
804	89.1460	2.4817
805	89.1730	2.4832
806	89.2000	2.4847
807	89.2270	2.4860
808	89.2530	2.4882
809	89.2800	2.4897
810	89.3070	2.4910
811	89.3330	2.4925
812	89.3600	2.4938
813	89.3860	2.4953
814	89.4130	2.4967
815	89.4400	2.4982
816	89.4660	2.4997
817	89.4920	2.5012
818	89.5190	2.5023
819	89.5460	2.5045
820	89.5720	2.5060
821	89.5980	2.5075
822	89.6250	2.5088
823	89.6510	2.5103
824	89.6770	2.5118
825	89.7040	2.5132
826	89.7300	2.5147
827	89.7560	2.5162
828	89.7820	2.5175
829	89.8090	2.5190
830	89.8350	2.5203
831	89.8610	2.5225
832	89.8870	2.5240
833	89.9130	2.5255
834	89.9400	2.5268
835	89.9660	2.5282
836	89.9920	2.5297
837	90.0180	2.5312
838	90.0440	2.5325
839	90.0700	2.5340
840	90.0960	2.5353
841	90.1220	2.5368
842	90.1480	2.5382
843	90.1740	2.5398
844	90.1990	2.5412
845	90.2250	2.5425
846	90.2510	2.5447
847	90.2770	2.5460
848	90.3030	2.5475
849	90.3280	2.5488
850	90.3540	2.5503
851	90.3800	2.5517
852	90.4060	2.5532
853	90.4310	2.5547
854	90.4570	2.5560
855	90.4820	2.5575
856	90.5080	2.5590
857	90.5340	2.5603
858	90.5590	2.5618
859	90.5850	2.5632
860	90.6100	2.5647
861	90.6360	2.5660
862	90.6610	2.5675
863	90.6870	2.5688
864	90.7120	2.5703
865	90.7380	2.5718
866	90.7630	2.5732
867	90.7880	2.5747
868	90.8140	2.5768
869	90.8390	2.5782
870	90.8640	2.5797
871	90.8890	2.5810
872	90.9150	2.5825
873	90.9400	2.5838
874	90.9650	2.5853
875	90.9900	2.5867
876	91.0150	2.5882
877	91.0400	2.5895
878	91.0660	2.5908
879	91.0900	2.5925
880	91.1160	2.5938
881	91.1410	2.5952
882	91.1660	2.5965
883	91.1910	2.5980
884	91.2160	2.5995
885	91.2400	2.6008
886	91.2650	2.6022
887	91.2900	2.6037
888	91.3150	2.6050
889	91.3400	2.6067
890	91.3650	2.6080
891	91.3900	2.6093
892	91.4140	2.6108
893	91.4390	2.6122
894	91.4640	2.6137
895	91.4890	2.6150
896	91.5130	2.6165
897	91.5380	2.6178
898	91.5630	2.6192
899	91.5870	2.6207
900	91.6120	2.6220
901	91.6360	2.6235
902	91.6610	2.6250
903	91.6860	2.6265
904	91.7100	2.6277
905	91.7340	2.6292
906	91.7590	2.6307
907	91.7830	2.6320
908	91.8080	2.6333
909	91.8320	2.6348
910	91.8570	2.6362
911	91.8810	2.6377
912	91.9050	2.6390
913	91.9300	2.6405
914	91.9540	2.6420
915	91.9780	2.6433
916	92.0020	2.6448
917	92.0270	2.6462
918	92.0510	2.6477
919	92.0750	2.6490
920	92.0990	2.6503
921	92.1240	2.6512
922	92.1480	2.6525
923	92.1720	2.6538
924	92.1960	2.6553
925	92.2200	2.6567
926	92.2440	2.6580
927	92.2680	2.6593
928	92.2920	2.6610
929	92.3160	2.6623
930	92.3400	2.6637
931	92.3640	2.6650
932	92.3880	2.6665
933	92.4120	2.6680
934	92.4360	2.6693
935	92.4600	2.6708
936	92.4830	2.6722
937	92.5070	2.6735
938	92.5310	2.6750
939	92.5550	2.6763
940	92.5790	2.6778
941	92.6020	2.6785
942	92.6260	2.6798
943	92.6500	2.6813
944	92.6740	2.6828
945	92.6970	2.6840
946	92.7210	2.6855
947	92.7440	2.6868
948	92.7680	2.6883
949	92.7920	2.6897
950	92.8150	2.6910
951	92.8390	2.6925
952	92.8620	2.6938
953	92.8860	2.6953
954	92.9090	2.6967
955	92.9330	2.6973
956	92.9560	2.6988
957	92.9800	2.7002
958	93.0030	2.7017
959	93.0260	2.7028
960	93.0500	2.7043
961	93.0730	2.7058
962	93.0970	2.7072
963	93.1200	2.7087
964	93.1430	2.7100
965	93.1660	2.7115
966	93.1900	2.7120
967	93.2130	2.7133
968	93.2360	2.7148
969	93.2600	2.7162
970	93.2830	2.7177
971	93.3060	2.7190
972	93.3290	2.7203
973	93.3520	2.7218
974	93.3750	2.7232
975	93.3980	2.7247
976	93.4220	2.7252
977	93.4450	2.7268
978	93.4680	2.7282
979	93.4910	2.7295
980	93.5140	2.7308
981	93.5370	2.7323
982	93.5600	2.7338
983	93.5830	2.7352
984	93.6060	2.7358
985	93.6280	2.7372
986	93.6510	2.7385
987	93.6740	2.7400
988	93.6970	2.7413
989	93.7200	2.7427
990	93.7430	2.7442
991	93.7660	2.7455
992	93.7890	2.7462
993	93.8110	2.7475
994	93.8340	2.7490
995	93.8570	2.7503
996	93.8800	2.7518
997	93.9020	2.7532
998	93.9250	2.7547
999	93.9480	2.7553
1000	93.9710	2.7567
1001	93.9930	2.7580
1002	94.0160	2.7593
1003	94.0380	2.7608
1004	94.0610	2.7622
1005	94.0840	2.7637
1006	94.1060	2.7642
1007	94.1290	2.7657
1008	94.1520	2.7672
1009	94.1740	2.7683
1010	94.1970	2.7698
1011	94.2190	2.7713
1012	94.2420	2.7718
1013	94.2640	2.7733
1014	94.2870	2.7747
1015	94.3090	2.7760
1016	94.3320	2.7775
1017	94.3540	2.7790
1018	94.3760	2.7795
1019	94.3990	2.7810
1020	94.4210	2.7823
1021	94.4440	2.7837
1022	94.4660	2.7852
1023	94.4880	2.7858
1024	94.5110	2.7872
1025	94.5330	2.7885
1026	94.5560	2.7898
1027	94.5780	2.7913
1028	94.6000	2.7927
1029	94.6220	2.7935
1030	94.6450	2.7948
1031	94.6670	2.7960
1032	94.6890	2.7975
1033	94.7120	2.7988
1034	94.7340	2.7997
1035	94.7560	2.8010
1036	94.7780	2.8023
1037	94.8000	2.8038
1038	94.8220	2.8052
1039	94.8450	2.8058
1040	94.8670	2.8072
1041	94.8890	2.8087
1042	94.9110	2.8100
1043	94.9330	2.8113
1044	94.9550	2.8120
1045	94.9770	2.8135
1046	95.0000	2.8148
1047	95.0220	2.8162
1048	95.0440	2.8168
1049	95.0660	2.8182
1050	95.0880	2.8197
1051	95.1100	2.8210
1052	95.1320	2.8225
1053	95.1540	2.8232
1054	95.1760	2.8245
1055	95.1980	2.8258
1056	95.2200	2.8272
1057	95.2420	2.8278
1058	95.2640	2.8293
1059	95.2860	2.8308
1060	95.3070	2.8322
1061	95.3290	2.8335
1062	95.3510	2.8342
1063	95.3730	2.8355
1064	95.3950	2.8370
1065	95.4170	2.8383
1066	95.4390	2.8388
1067	95.4600	2.8402
1068	95.4820	2.8417
1069	95.5040	2.8430
1070	95.5260	2.8437
1071	95.5480	2.8452
1072	95.5700	2.8465
1073	95.5910	2.8478
1074	95.6130	2.8487
1075	95.6350	2.8500
1076	95.6560	2.8515
1077	95.6780	2.8527
1078	95.7000	2.8533
1079	95.7220	2.8548
1080	95.7430	2.8562
1081	95.7650	2.8577
1082	95.7870	2.8582
1083	95.8080	2.8595
1084	95.8300	2.8610
1085	95.8520	2.8615
1086	95.8730	2.8630
1087	95.8950	2.8643
1088	95.9160	2.8658
1089	95.9380	2.8663
1090	95.9600	2.8678
1091	95.9810	2.8692
1092	96.0030	2.8707
1093	96.0240	2.8712
1094	96.0460	2.8727
1095	96.0670	2.8740
1096	96.0890	2.8747
1097	96.1100	2.8762
1098	96.1320	2.8773
1099	96.1530	2.8788
1100	96.1750	2.8795
1101	96.1960	2.8808
1102	96.2180	2.8823
1103	96.2390	2.8828
1104	96.2610	2.8843
1105	96.2820	2.8857
1106	96.3040	2.8872
1107	96.3250	2.8877
1108	96.3460	2.8892
1109	96.3680	2.8905
1110	96.3890	2.8910
1111	96.4100	2.8925
1112	96.4320	2.8940
1113	96.4530	2.8945
1114	96.4740	2.8958
1115	96.4960	2.8973
1116	96.5170	2.8987
1117	96.5380	2.8995
1118	96.5600	2.9007
1119	96.5810	2.9020
1120	96.6020	2.9028
1121	96.6240	2.9042
1122	96.6450	2.9055
1123	96.6660	2.9062
1124	96.6870	2.9075
1125	96.7080	2.9088
1126	96.7300	2.9097
1127	96.7510	2.9110
1128	96.7720	2.9123
1129	96.7930	2.9130
1130	96.8140	2.9145
1131	96.8360	2.9158
1132	96.8570	2.9163
1133	96.8780	2.9177
1134	96.8990	2.9193
1135	96.9200	2.9198
1136	96.9410	2.9212
1137	96.9620	2.9225
1138	96.9840	2.9232
1139	97.0050	2.9247
1140	97.0260	2.9260
1141	97.0470	2.9267
1142	97.0680	2.9280
1143	97.0890	2.9293
1144	97.1100	2.9300
1145	97.1310	2.9313
1146	97.1520	2.9328
1147	97.1730	2.9335
1148	97.1940	2.9350
1149	97.2150	2.9363
1150	97.2360	2.9370
1151	97.2570	2.9383
1152	97.2780	2.9397
1153	97.2990	2.9403
1154	97.3200	2.9417
1155	97.3410	2.9430
1156	97.3620	2.9437
1157	97.3830	2.9452
1158	97.4040	2.9465
1159	97.4240	2.9472
1160	97.4450	2.9485
1161	97.4660	2.9492
1162	97.4870	2.9505
1163	97.5080	2.9520
1164	97.5290	2.9527
1165	97.5500	2.9540
1166	97.5710	2.9553
1167	97.5910	2.9558
1168	97.6120	2.9573
1169	97.6330	2.9587
1170	97.6540	2.9593
1171	97.6750	2.9608
1172	97.6950	2.9615
1173	97.7160	2.9627
1174	97.7370	2.9640
1175	97.7580	2.9648
1176	97.7780	2.9662
1177	97.7990	2.9675
1178	97.8200	2.9682
1179	97.8410	2.9695
1180	97.8610	2.9702
1181	97.8820	2.9717
1182	97.9030	2.9730
1183	97.9230	2.9735
1184	97.9440	2.9750
1185	97.9650	2.9757
1186	97.9850	2.9770
1187	98.0060	2.9783
1188	98.0270	2.9790
1189	98.0470	2.9805
1190	98.0680	2.9810
1191	98.0880	2.9825
1192	98.1090	2.9838
1193	98.1300	2.9845
1194	98.1500	2.9858
1195	98.1710	2.9872
1196	98.1910	2.9878
1197	98.2120	2.9893
1198	98.2320	2.9898
1199	98.2530	2.9913
1200	98.2740	2.9925
1201	98.2940	2.9933
1202	98.3140	2.9945
1203	98.3350	2.9953
1204	98.3560	2.9965
1205	98.3760	2.9973
1206	98.3960	2.9987
1207	98.4170	3.0000
1208	98.4370	3.0007
1209	98.4580	3.0020
1210	98.4780	3.0027
1211	98.4990	3.0042
1212	98.5190	3.0053
1213	98.5390	3.0062
1214	98.5600	3.0075
1215	98.5800	3.0080
1216	98.6000	3.0095
1217	98.6210	3.0108
1218	98.6410	3.0115
1219	98.6620	3.0128
1220	98.6820	3.0135
1221	98.7020	3.0148
1222	98.7220	3.0155
1223	98.7430	3.0168
1224	98.7630	3.0183
1225	98.7830	3.0188
1226	98.8040	3.0202
1227	98.8240	3.0210
1228	98.8440	3.0223
1229	98.8640	3.0228
1230	98.8850	3.0242
1231	98.9050	3.0257
1232	98.9250	3.0263
1233	98.9450	3.0277
1234	98.9660	3.0282
1235	98.9860	3.0297
1236	99.0060	3.0303
1237	99.0260	3.0317
1238	99.0460	3.0330
1239	99.0660	3.0337
1240	99.0860	3.0352
1241	99.1060	3.0355
1242	99.1270	3.0370
1243	99.1470	3.0377
1244	99.1670	3.0390
1245	99.1870	3.0397
1246	99.2070	3.0410
1247	99.2270	3.0423
1248	99.2470	3.0430
1249	99.2670	3.0443
1250	99.2870	3.0450
1251	99.3070	3.0463
1252	99.3270	3.0470
1253	99.3470	3.0483
1254	99.3670	3.0490
1255	99.3870	3.0503
1256	99.4070	3.0510
1257	99.4270	3.0523
1258	99.4470	3.0538
1259	99.4670	3.0543
1260	99.4870	3.0557
1261	99.5070	3.0563
1262	99.5270	3.0578
1263	99.5470	3.0585
1264	99.5670	3.0598
1265	99.5860	3.0605
1266	99.6060	3.0618
1267	99.6260	3.0623
1268	99.6460	3.0637
1269	99.6660	3.0650
1270	99.6860	3.0658
1271	99.7060	3.0672
1272	99.7250	3.0678
1273	99.7450	3.0692
1274	99.7650	3.0697
1275	99.7850	3.0712
1276	99.8050	3.0718
1277	99.8240	3.0732
1278	99.8440	3.0737
1279	99.8640	3.0750
1280	99.8840	3.0758
1281	99.9030	3.0772
1282	99.9230	3.0777
1283	99.9430	3.0790
1284	99.9620	3.0798
1285	99.9820	3.0810
1286	100.0020	3.0825
1287	100.0220	3.0832
1288	100.0410	3.0845
1289	100.0610	3.0850
1290	100.0800	3.0865
1291	100.1000	3.0870
1292	100.1200	3.0883
1293	100.1390	3.0892
1294	100.1590	3.0903
1295	100.1790	3.0910
1296	100.1980	3.0925
1297	100.2180	3.0930
1298	100.2370	3.0945
1299	100.2570	3.0950
1300	100.2760	3.0965
1301	100.2960	3.0970
1302	100.3160	3.0983
1303	100.3350	3.0990
1304	100.3550	3.1003
1305	100.3740	3.1010
1306	100.3940	3.1023
1307	100.4130	3.1030
1308	100.4330	3.1043
1309	100.4520	3.1050
1310	100.4720	3.1063
1311	100.4910	3.1070
1312	100.5110	3.1082
1313	100.5300	3.1090
1314	100.5500	3.1102
1315	100.5690	3.1117
1316	100.5880	3.1122
1317	100.6080	3.1137
1318	100.6270	3.1143
1319	100.6460	3.1155
1320	100.6660	3.1163
1321	100.6850	3.1175
1322	100.7050	3.1182
1323	100.7240	3.1197
1324	100.7430	3.1202
1325	100.7630	3.1215
1326	100.7820	3.1220
1327	100.8010	3.1235
1328	100.8210	3.1242
1329	100.8400	3.1257
1330	100.8590	3.1262
1331	100.8790	3.1275
1332	100.8980	3.1280
1333	100.9170	3.1293
1334	100.9360	3.1302
1335	100.9560	3.1315
1336	100.9750	3.1320
1337	100.9940	3.1333
1338	101.0130	3.1340
1339	101.0330	3.1355
1340	101.0520	3.1360
1341	101.0710	3.1373
1342	101.0900	3.1380
1343	101.1090	3.1393
1344	101.1290	3.1398
1345	101.1480	3.1405
1346	101.1670	3.1420
1347	101.1860	3.1425
1348	101.2050	3.1438
1349	101.2240	3.1445
1350	101.2440	3.1458
1351	101.2630	3.1465
1352	101.2820	3.1478
1353	101.3010	3.1483
1354	101.3200	3.1497
1355	101.3390	3.1503
1356	101.3580	3.1517
1357	101.3770	3.1523
1358	101.3960	3.1538
1359	101.4150	3.1543
1360	101.4340	3.1558
1361	101.4540	3.1562
1362	101.4720	3.1578
1363	101.4920	3.1582
1364	101.5110	3.1597
1365	101.5300	3.1602
1366	101.5490	3.1617
1367	101.5680	3.1622
1368	101.5870	3.1635
1369	101.6060	3.1642
1370	101.6250	3.1655
1371	101.6440	3.1662
1372	101.6620	3.1675
1373	101.6820	3.1682
1374	101.7000	3.1695
1375	101.7190	3.1702
1376	101.7380	3.1715
1377	101.7570	3.1720
1378	101.7760	3.1727
1379	101.7950	3.1740
1380	101.8140	3.1747
1381	101.8330	3.1760
1382	101.8520	3.1767
1383	101.8710	3.1780
1384	101.8900	3.1785
1385	101.9080	3.1798
1386	101.9270	3.1805
1387	101.9460	3.1820
1388	101.9650	3.1825
1389	101.9840	3.1840
1390	102.0030	3.1845
1391	102.0220	3.1858
1392	102.0400	3.1865
1393	102.0590	3.1878
1394	102.0780	3.1883
1395	102.0970	3.1897
1396	102.1160	3.1903
1397	102.1350	3.1918
1398	102.1530	3.1923
1399	102.1720	3.1930
1400	102.1910	3.1943
1401	102.2100	3.1948
1402	102.2280	3.1962
1403	102.2470	3.1968
1404	102.2660	3.1983
1405	102.2850	3.1988
1406	102.3040	3.2002
1407	102.3220	3.2008
1408	102.3410	3.2022
1409	102.3600	3.2028
1410	102.3780	3.2042
1411	102.3970	3.2047
1412	102.4160	3.2060
1413	102.4350	3.2067
1414	102.4530	3.2072
1415	102.4720	3.2087
1416	102.4910	3.2093
1417	102.5100	3.2105
1418	102.5280	3.2112
1419	102.5470	3.2127
1420	102.5660	3.2132
1421	102.5840	3.2147
1422	102.6030	3.2152
1423	102.6220	3.2165
1424	102.6400	3.2172
1425	102.6590	3.2185
1426	102.6780	3.2192
1427	102.6960	3.2203
1428	102.7150	3.2210
1429	102.7330	3.2217
1430	102.7520	3.2230
1431	102.7710	3.2235
1432	102.7890	3.2250
1433	102.8080	3.2257
1434	102.8260	3.2268
1435	102.8450	3.2275
1436	102.8640	3.2288
1437	102.8820	3.2295
1438	102.9010	3.2310
1439	102.9200	3.2315
1440	102.9380	3.2330
1441	102.9570	3.2335
1442	102.9750	3.2340
1443	102.9940	3.2353
1444	103.0120	3.2360
1445	103.0310	3.2373
1446	103.0490	3.2378
1447	103.0680	3.2393
1448	103.0860	3.2398
1449	103.1050	3.2413
1450	103.1240	3.2418
1451	103.1420	3.2433
1452	103.1610	3.2438
1453	103.1790	3.2443
1454	103.1980	3.2458
1455	103.2160	3.2463
1456	103.2350	3.2477
1457	103.2530	3.2483
1458	103.2720	3.2497
1459	103.2900	3.2503
1460	103.3090	3.2517
1461	103.3270	3.2523
1462	103.3460	3.2537
1463	103.3640	3.2542
1464	103.3830	3.2548
1465	103.4010	3.2562
1466	103.4200	3.2568
1467	103.4380	3.2582
1468	103.4570	3.2588
1469	103.4750	3.2602
1470	103.4940	3.2608
1471	103.5120	3.2620
1472	103.5300	3.2628
1473	103.5490	3.2640
1474	103.5670	3.2647
1475	103.5860	3.2652
1476	103.6040	3.2667
1477	103.6230	3.2672
1478	103.6410	3.2687
1479	103.6600	3.2692
1480	103.6780	3.2707
1481	103.6960	3.2712
1482	103.7150	3.2725
1483	103.7330	3.2732
1484	103.7520	3.2737
1485	103.7700	3.2750
1486	103.7880	3.2755
1487	103.8070	3.2770
1488	103.8250	3.2775
1489	103.8440	3.2790
1490	103.8620	3.2797
1491	103.8810	3.2810
1492	103.8990	3.2817
1493	103.9170	3.2822
1494	103.9360	3.2835
1495	103.9540	3.2840
1496	103.9720	3.2855
1497	103.9910	3.2860
1498	104.0090	3.2875
1499	104.0280	3.2880
1500	104.0460	3.2893
1501	104.0640	3.2900
1502	104.0830	3.2913
1503	104.1010	3.2920
1504	104.1200	3.2925
1505	104.1380	3.2940
1506	104.1560	3.2945
1507	104.1750	3.2958
1508	104.1930	3.2965
1509	104.2110	3.2978
1510	104.2300	3.2985
1511	104.2480	3.3000
1512	104.2660	3.3005
1513	104.2850	3.3010
1514	104.3030	3.3023
1515	104.3210	3.3030
1516	104.3400	3.3043
1517	104.3580	3.3050
1518	104.3760	3.3063
1519	104.3950	3.3068
1520	104.4130	3.3083
1521	104.4310	3.3088
1522	104.4500	3.3095
1523	104.4680	3.3108
1524	104.4860	3.3115
1525	104.5050	3.3128
1526	104.5230	3.3133
1527	104.5410	3.3148
1528	104.5600	3.3155
1529	104.5780	3.3160
1530	104.5960	3.3173
1531	104.6140	3.3178
1532	104.6330	3.3193
1533	104.6510	3.3200
1534	104.6690	3.3213
1535	104.6880	3.3218
1536	104.7060	3.3233
1537	104.7240	3.3238
1538	104.7420	3.3245
1539	104.7610	3.3258
1540	104.7790	3.3263
1541	104.7970	3.3278
1542	104.8160	3.3283
1543	104.8340	3.3297
1544	104.8520	3.3303
1545	104.8700	3.3318
1546	104.8890	3.3323
1547	104.9070	3.3330
1548	104.9250	3.3343
1549	104.9440	3.3348
1550	104.9620	3.3363
1551	104.9800	3.3368
1552	104.9980	3.3382
1553	105.0170	3.3388
1554	105.0350	3.3393
1555	105.0530	3.3408
1556	105.0720	3.3415
1557	105.0900	3.3428
1558	105.1080	3.3433
1559	105.1260	3.3448
1560	105.1440	3.3455
1561	105.1630	3.3467
1562	105.1810	3.3473
1563	105.1990	3.3478
1564	105.2180	3.3493
1565	105.2360	3.3498
1566	105.2540	3.3513
1567	105.2720	3.3518
1568	105.2910	3.3532
1569	105.3090	3.3538
1570	105.3270	3.3543
1571	105.3450	3.3558
1572	105.3640	3.3565
1573	105.3820	3.3578
1574	105.4000	3.3583
1575	105.4180	3.3598
1576	105.4360	3.3605
1577	105.4550	3.3618
1578	105.4730	3.3623
1579	105.4910	3.3630
1580	105.5090	3.3643
1581	105.5280	3.3648
1582	105.5460	3.3663
1583	105.5640	3.3670
1584	105.5820	3.3682
1585	105.6010	3.3688
1586	105.6190	3.3695
1587	105.6370	3.3710
1588	105.6550	3.3715
1589	105.6740	3.3728
1590	105.6920	3.3735
1591	105.7100	3.3748
1592	105.7280	3.3753
1593	105.7460	3.3760
1594	105.7650	3.3775
1595	105.7830	3.3780
1596	105.8010	3.3793
1597	105.8190	3.3800
1598	105.8370	3.3813
1599	105.8560	3.3818
1600	105.8740	3.3825
1601	105.8920	3.3840
1602	105.9100	3.3845
1603	105.9280	3.3858
1604	105.9470	3.3865
1605	105.9650	3.3878
1606	105.9830	3.3883
1607	106.0010	3.3890
1608	106.0190	3.3905
1609	106.0380	3.3910
1610	106.0560	3.3925
1611	106.0740	3.3930
1612	106.0920	3.3943
1613	106.1100	3.3950
1614	106.1290	3.3965
1615	106.1470	3.3970
1616	106.1650	3.3977
1617	106.1830	3.3990
1618	106.2010	3.3995
1619	106.2200	3.4008
1620	106.2380	3.4015
1621	106.2560	3.4030
1622	106.2740	3.4037
1623	106.2920	3.4042
1624	106.3100	3.4055
1625	106.3280	3.4062
1626	106.3470	3.4075
1627	106.3650	3.4080
1628	106.3830	3.4087
1629	106.4010	3.4100
1630	106.4190	3.4107
1631	106.4380	3.4122
1632	106.4560	3.4127
1633	106.4740	3.4140
1634	106.4920	3.4147
1635	106.5100	3.4152
1636	106.5280	3.4167
1637	106.5460	3.4172
1638	106.5650	3.4187
1639	106.5830	3.4193
1640	106.6010	3.4207
1641	106.6190	3.4212
1642	106.6370	3.4218
1643	106.6560	3.4232
1644	106.6740	3.4238
1645	106.6920	3.4252
1646	106.7100	3.4257
1647	106.7280	3.4272
1648	106.7460	3.4277
1649	106.7640	3.4283
1650	106.7820	3.4298
1651	106.8010	3.4303
1652	106.8190	3.4317
1653	106.8370	3.4323
1654	106.8550	3.4337
1655	106.8730	3.4343
1656	106.8910	3.4348
1657	106.9100	3.4362
1658	106.9280	3.4368
1659	106.9460	3.4383
1660	106.9640	3.4390
1661	106.9820	3.4403
1662	107.0000	3.4410
1663	107.0180	3.4415
1664	107.0360	3.4428
1665	107.0540	3.4435
1666	107.0730	3.4448
1667	107.0910	3.4455
1668	107.1090	3.4460
1669	107.1270	3.4473
1670	107.1450	3.4480
1671	107.1630	3.4495
1672	107.1810	3.4502
1673	107.2000	3.4515
1674	107.2180	3.4522
1675	107.2360	3.4527
1676	107.2540	3.4540
1677	107.2720	3.4547
1678	107.2900	3.4560
1679	107.3080	3.4567
1680	107.3260	3.4572
1681	107.3440	3.4585
1682	107.3620	3.4592
1683	107.3810	3.4605
1684	107.3990	3.4612
1685	107.4170	3.4627
1686	107.4350	3.4633
1687	107.4530	3.4637
1688	107.4710	3.4652
1689	107.4890	3.4658
1690	107.5070	3.4672
1691	107.5260	3.4678
1692	107.5440	3.4692
1693	107.5620	3.4698
1694	107.5800	3.4703
1695	107.5980	3.4718
1696	107.6160	3.4723
1697	107.6340	3.4738
1698	107.6520	3.4743
1699	107.6700	3.4750
1700	107.6880	3.4763
1701	107.7060	3.4770
1702	107.7240	3.4785
1703	107.7430	3.4790
1704	107.7610	3.4803
1705	107.7790	3.4810
1706	107.7970	3.4817
1707	107.8150	3.4830
1708	107.8330	3.4837
1709	107.8510	3.4850
1710	107.8690	3.4857
1711	107.8870	3.4862
1712	107.9050	3.4875
1713	107.9230	3.4882
1714	107.9420	3.4895
1715	107.9600	3.4902
1716	107.9780	3.4908
1717	107.9960	3.4922
1718	108.0140	3.4927
1719	108.0320	3.4942
1720	108.0500	3.4947
1721	108.0680	3.4963
1722	108.0860	3.4967
1723	108.1040	3.4973
1724	108.1220	3.4988
1725	108.1400	3.4993
1726	108.1580	3.5008
1727	108.1760	3.5015
1728	108.1940	3.5018
1729	108.2120	3.5035
1730	108.2310	3.5038
1731	108.2490	3.5053
1732	108.2670	3.5060
1733	108.2850	3.5065
1734	108.3030	3.5080
1735	108.3210	3.5087
1736	108.3390	3.5100
1737	108.3570	3.5107
1738	108.3750	3.5120
1739	108.3930	3.5127
1740	108.4110	3.5132
1741	108.4290	3.5147
1742	108.4470	3.5152
1743	108.4650	3.5167
1744	108.4830	3.5172
1745	108.5010	3.5178
1746	108.5190	3.5192
1747	108.5380	3.5198
1748	108.5560	3.5212
1749	108.5740	3.5218
1750	108.5920	3.5225
1751	108.6100	3.5238
1752	108.6280	3.5245
1753	108.6460	3.5258
1754	108.6640	3.5263
1755	108.6820	3.5270
1756	108.7000	3.5283
1757	108.7180	3.5290
1758	108.7360	3.5303
1759	108.7540	3.5310
1760	108.7720	3.5323
1761	108.7900	3.5330
1762	108.8080	3.5337
1763	108.8260	3.5350
1764	108.8440	3.5357
1765	108.8620	3.5370
1766	108.8800	3.5377
1767	108.8980	3.5383
1768	108.9160	3.5397
1769	108.9340	3.5403
1770	108.9520	3.5417
1771	108.9700	3.5423
1772	108.9880	3.5428
1773	109.0060	3.5443
1774	109.0240	3.5448
1775	109.0420	3.5463
1776	109.0600	3.5468
1777	109.0780	3.5475
1778	109.0960	3.5488
1779	109.1140	3.5495
1780	109.1320	3.5508
1781	109.1500	3.5515
1782	109.1680	3.5522
1783	109.1860	3.5535
1784	109.2040	3.5542
1785	109.2220	3.5555
1786	109.2400	3.5562
1787	109.2580	3.5568
1788	109.2760	3.5582
1789	109.2940	3.5588
1790	109.3120	3.5602
1791	109.3300	3.5608
1792	109.3480	3.5613
1793	109.3660	3.5628
1794	109.3840	3.5633
1795	109.4020	3.5648
1796	109.4200	3.5653
1797	109.4380	3.5660
1798	109.4560	3.5675
1799	109.4740	3.5680
1800	109.4920	3.5695
1801	109.5100	3.5700
1802	109.5280	3.5707
1803	109.5460	3.5720
1804	109.5640	3.5727
1805	109.5820	3.5740
1806	109.6000	3.5747
1807	109.6180	3.5753
1808	109.6360	3.5767
1809	109.6540	3.5773
1810	109.6720	3.5787
1811	109.6900	3.5793
1812	109.7080	3.5800
1813	109.7260	3.5813
1814	109.7440	3.5820
1815	109.7620	3.5833
1816	109.7800	3.5840
1817	109.7980	3.5845
1818	109.8160	3.5860
1819	109.8340	3.5865
1820	109.8520	3.5878
1821	109.8700	3.5885
1822	109.8880	3.5892
1823	109.9060	3.5905
1824	109.9230	3.5912
1825	109.9410	3.5925
1826	109.9590	3.5932
1827	109.9770	3.5938
1828	109.9950	3.5952
1829	110.0130	3.5957
1830	110.0310	3.5973
1831	110.0490	3.5977
1832	110.0670	3.5983
1833	110.0850	3.5998
1834	110.1030	3.6005
1835	110.1210	3.6018
1836	110.1390	3.6025
1837	110.1570	3.6032
1838	110.1740	3.6045
1839	110.1920	3.6052
1840	110.2100	3.6065
1841	110.2280	3.6072
1842	110.2460	3.6077
1843	110.2640	3.6090
1844	110.2820	3.6097
1845	110.3000	3.6110
1846	110.3180	3.6117
1847	110.3360	3.6123
1848	110.3540	3.6138
1849	110.3720	3.6143
1850	110.3900	3.6148
1851	110.4070	3.6165
1852	110.4250	3.6170
1853	110.4430	3.6183
1854	110.4610	3.6190
1855	110.4790	3.6197
1856	110.4970	3.6210

