Zp	0.00	1.00	2.00	3.00	4.00
0.00	0.500000	0.841344	0.977249	0.998650	0.999968
0.01	0.503989	0.843752	0.977784	0.998693	0.999969
0.02	0.507978	0.846135	0.978308	0.998736	0.999970
0.03	0.511966	0.848494	0.978821	0.998777	0.999972
0.04	0.515953	0.850830	0.979324	0.998817	0.999973
0.05	0.519938	0.853140	0.979817	0.998855	0.999974
0.06	0.523922	0.855427	0.980300	0.998893	0.999975
0.07	0.527903	0.857690	0.980773	0.998929	0.999976
0.08	0.531881	0.859928	0.981237	0.998964	0.999977
0.09	0.535856	0.862143	0.981691	0.998999	0.999978
0.10	0.539827	0.864333	0.982135	0.999032	0.999979
0.11	0.543795	0.866500	0.982570	0.999064	0.999980
0.12	0.547758	0.868643	0.982997	0.999095	0.999981
0.13	0.551716	0.870761	0.983414	0.999125	0.999981
0.14	0.555670	0.872856	0.983822	0.999155	0.999982
0.15	0.559617	0.874928	0.984222	0.999183	0.999983
0.16	0.563559	0.876975	0.984613	0.999211	0.999984
0.17	0.567494	0.878999	0.984996	0.999237	0.999984
0.18	0.571423	0.880999	0.985371	0.999263	0.999985
0.19	0.575345	0.882976	0.985737	0.999288	0.999986
0.20	0.579259	0.884930	0.986096	0.999312	0.999986
0.21	0.583166	0.886860	0.986447	0.999336	0.999987
0.22	0.587064	0.888767	0.986790	0.999358	0.999987
0.23	0.590954	0.890651	0.987126	0.999380	0.999988
0.24	0.594834	0.892512	0.987454	0.999402	0.999988
0.25	0.598706	0.894350	0.987775	0.999422	0.999989
0.26	0.602568	0.896165	0.988089	0.999442	0.999989
0.27	0.606419	0.897957	0.988396	0.999462	0.999990
0.28	0.610261	0.899727	0.988696	0.999480	0.999990
0.29	0.614091	0.901474	0.988989	0.999499	0.999991
0.30	0.617911	0.903199	0.989275	0.999516	0.999991
0.31	0.621719	0.904902	0.989555	0.999533	0.999991
0.32	0.625515	0.906582	0.989829	0.999549	0.999992
0.33	0.629299	0.908240	0.990096	0.999565	0.999992
0.34	0.633071	0.909877	0.990358	0.999581	0.999992
0.35	0.636830	0.911491	0.990613	0.999595	0.999993
0.36	0.640576	0.913084	0.990862	0.999610	0.999993
0.37	0.644308	0.914656	0.991105	0.999624	0.999993
0.38	0.648027	0.916206	0.991343	0.999637	0.999994
0.39	0.651731	0.917735	0.991575	0.999650	0.999994
0.40	0.655421	0.919243	0.991802	0.999663	0.999994
0.41	0.659096	0.920730	0.992023	0.999675	0.999994
0.42	0.662757	0.922196	0.992239	0.999686	0.999995
0.43	0.666402	0.923641	0.992450	0.999698	0.999995
0.44	0.670031	0.925066	0.992656	0.999709	0.999995
0.45	0.673644	0.926470	0.992857	0.999719	0.999995
0.46	0.677241	0.927854	0.993053	0.999729	0.999995
0.47	0.680822	0.929219	0.993244	0.999739	0.999996
0.48	0.684386	0.930563	0.993430	0.999749	0.999996
0.49	0.687933	0.931887	0.993612	0.999758	0.999996
0.50	0.691462	0.933192	0.993790	0.999767	0.999996
0.51	0.694974	0.934478	0.993963	0.999775	0.999996
0.52	0.698468	0.935744	0.994132	0.999784	0.999996
0.53	0.701944	0.936991	0.994296	0.999792	0.999997
0.54	0.705401	0.938219	0.994457	0.999799	0.999997
0.55	0.708840	0.939429	0.994613	0.999807	0.999997
0.56	0.712260	0.940620	0.994766	0.999814	0.999997
0.57	0.715661	0.941792	0.994915	0.999821	0.999997
0.58	0.719042	0.942946	0.995059	0.999828	0.999997
0.59	0.722404	0.944082	0.995201	0.999834	0.999997
0.60	0.725746	0.945200	0.995338	0.999840	0.999997
0.61	0.729069	0.946301	0.995472	0.999846	0.999997
0.62	0.732371	0.947383	0.995603	0.999852	0.999998
0.63	0.735652	0.948449	0.995730	0.999858	0.999998
0.64	0.738913	0.949497	0.995854	0.999863	0.999998
0.65	0.742153	0.950528	0.995975	0.999868	0.999998
0.66	0.745373	0.951542	0.996092	0.999873	0.999998
0.67	0.748571	0.952540	0.996207	0.999878	0.999998
0.68	0.751747	0.953521	0.996318	0.999883	0.999998
0.69	0.754902	0.954486	0.996427	0.999887	0.999998
0.70	0.758036	0.955434	0.996532	0.999892	0.999998
0.71	0.761148	0.956367	0.996635	0.999896	0.999998
0.72	0.764237	0.957283	0.996735	0.999900	0.999998
0.73	0.767304	0.958184	0.996833	0.999904	0.999998
0.74	0.770350	0.959070	0.996927	0.999907	0.999998
0.75	0.773372	0.959940	0.997020	0.999911	0.999998
0.76	0.776372	0.960796	0.997109	0.999915	0.999999
0.77	0.779350	0.961636	0.997197	0.999918	0.999999
0.78	0.782304	0.962462	0.997281	0.999921	0.999999
0.79	0.785236	0.963273	0.997364	0.999924	0.999999
0.80	0.788144	0.964069	0.997444	0.999927	0.999999
0.81	0.791029	0.964852	0.997522	0.999930	0.999999
0.82	0.793892	0.965620	0.997598	0.999933	0.999999
0.83	0.796730	0.966375	0.997672	0.999935	0.999999
0.84	0.799545	0.967115	0.997744	0.999938	0.999999
0.85	0.802337	0.967843	0.997813	0.999940	0.999999
0.86	0.805105	0.968557	0.997881	0.999943	0.999999
0.87	0.807849	0.969258	0.997947	0.999945	0.999999
0.88	0.810570	0.969946	0.998011	0.999947	0.999999
0.89	0.813267	0.970621	0.998073	0.999949	0.999999
0.90	0.815939	0.971283	0.998134	0.999951	0.999999
0.91	0.818588	0.971933	0.998192	0.999953	0.999999
0.92	0.821213	0.972571	0.998249	0.999955	0.999999
0.93	0.823814	0.973196	0.998305	0.999957	0.999999
0.94	0.826391	0.973810	0.998358	0.999959	0.999999
0.95	0.828943	0.974412	0.998411	0.999960	0.999999
0.96	0.831472	0.975002	0.998461	0.999962	0.999999
0.97	0.833976	0.975580	0.998510	0.999964	0.999999
0.98	0.836456	0.976148	0.998558	0.999965	0.999999
0.99	0.838912	0.976704	0.998605	0.999966	0.999999
