Day	P50	StdDev
0	13.4070	1.3021
1	13.3980	1.3013
2	13.3880	1.3011
3	13.3790	1.3013
4	13.3700	1.3019
5	13.3610	1.3034
6	13.3510	1.3054
7	13.3420	1.3079
8	13.3840	1.3054
9	13.4260	1.3026
10	13.4690	1.3000
11	13.5110	1.2970
12	13.5530	1.2940
13	13.5950	1.2914
14	13.6380	1.2882
15	13.7170	1.2908
16	13.8010	1.2938
17	13.8850	1.2972
18	13.9710	1.3009
19	14.0560	1.3049
20	14.1400	1.3088
21	14.2240	1.3129
22	14.3060	1.3170
23	14.3880	1.3210
24	14.4680	1.3249
25	14.5460	1.3292
26	14.6220	1.3330
27	14.6980	1.3371
28	14.7710	1.3410
29	14.8440	1.3448
30	14.9140	1.3487
31	14.9820	1.3524
32	15.0480	1.3556
33	15.1130	1.3592
34	15.1750	1.3624
35	15.2360	1.3659
36	15.2940	1.3689
37	15.3510	1.3719
38	15.4060	1.3749
39	15.4600	1.3777
40	15.5120	1.3803
41	15.5620	1.3828
42	15.6110	1.3854
43	15.6580	1.3878
44	15.7040	1.3903
45	15.7490	1.3927
46	15.7930	1.3946
47	15.8350	1.3968
48	15.8770	1.3991
49	15.9170	1.4011
50	15.9560	1.4032
51	15.9940	1.4049
52	16.0310	1.4069
53	16.0670	1.4084
54	16.1020	1.4101
55	16.1370	1.4118
56	16.1700	1.4135
57	16.2020	1.4148
58	16.2340	1.4165
59	16.2640	1.4178
60	16.2940	1.4193
61	16.3230	1.4206
62	16.3510	1.4221
63	16.3790	1.4232
64	16.4050	1.4245
65	16.4310	1.4255
66	16.4560	1.4266
67	16.4810	1.4277
68	16.5040	1.4288
69	16.5270	1.4296
70	16.5490	1.4305
71	16.5710	1.4315
72	16.5920	1.4322
73	16.6120	1.4330
74	16.6320	1.4339
75	16.6510	1.4345
76	16.6700	1.4352
77	16.6880	1.4358
78	16.7060	1.4365
79	16.7230	1.4371
80	16.7400	1.4376
81	16.7560	1.4382
82	16.7720	1.4386
83	16.7870	1.4391
84	16.8020	1.4397
85	16.8160	1.4401
86	16.8300	1.4406
87	16.8440	1.4410
88	16.8570	1.4412
89	16.8700	1.4416
90	16.8830	1.4421
91	16.8950	1.4423
92	16.9070	1.4427
93	16.9190	1.4429
94	16.9300	1.4433
95	16.9410	1.4433
96	16.9520	1.4436
97	16.9620	1.4440
98	16.9720	1.4442
99	16.9820	1.4444
100	16.9920	1.4446
101	17.0020	1.4448
102	17.0110	1.4448
103	17.0200	1.4451
104	17.0290	1.4451
105	17.0380	1.4453
106	17.0460	1.4453
107	17.0540	1.4457
108	17.0620	1.4457
109	17.0700	1.4459
110	17.0780	1.4457
111	17.0860	1.4461
112	17.0930	1.4459
113	17.1000	1.4461
114	17.1070	1.4461
115	17.1140	1.4464
116	17.1210	1.4461
117	17.1280	1.4464
118	17.1340	1.4464
119	17.1410	1.4464
120	17.1470	1.4464
121	17.1530	1.4464
122	17.1590	1.4466
123	17.1650	1.4466
124	17.1710	1.4466
125	17.1770	1.4464
126	17.1820	1.4466
127	17.1880	1.4466
128	17.1930	1.4466
129	17.1990	1.4466
130	17.2040	1.4468
131	17.2090	1.4466
132	17.2140	1.4466
133	17.2190	1.4466
134	17.2230	1.4464
135	17.2280	1.4466
136	17.2330	1.4466
137	17.2370	1.4464
138	17.2410	1.4464
139	17.2460	1.4464
140	17.2500	1.4461
141	17.2540	1.4464
142	17.2580	1.4461
143	17.2620	1.4464
144	17.2650	1.4459
145	17.2690	1.4461
146	17.2720	1.4457
147	17.2760	1.4457
148	17.2790	1.4457
149	17.2820	1.4455
150	17.2850	1.4457
151	17.2880	1.4455
152	17.2910	1.4453
153	17.2940	1.4455
154	17.2970	1.4451
155	17.3000	1.4448
156	17.3020	1.4448
157	17.3050	1.4446
158	17.3070	1.4446
159	17.3100	1.4446
160	17.3120	1.4444
161	17.3140	1.4442
162	17.3160	1.4442
163	17.3180	1.4438
164	17.3200	1.4436
165	17.3220	1.4433
166	17.3240	1.4433
167	17.3250	1.4431
168	17.3270	1.4431
169	17.3280	1.4429
170	17.3300	1.4427
171	17.3310	1.4425
172	17.3330	1.4423
173	17.3340	1.4423
174	17.3350	1.4421
175	17.3360	1.4418
176	17.3370	1.4416
177	17.3380	1.4414
178	17.3390	1.4410
179	17.3400	1.4412
180	17.3410	1.4408
181	17.3410	1.4406
182	17.3420	1.4403
183	17.3420	1.4399
184	17.3430	1.4399
185	17.3430	1.4397
186	17.3440	1.4393
187	17.3440	1.4391
188	17.3440	1.4388
189	17.3440	1.4386
190	17.3440	1.4384
191	17.3440	1.4382
192	17.3440	1.4378
193	17.3440	1.4376
194	17.3440	1.4373
195	17.3440	1.4369
196	17.3430	1.4367
197	17.3430	1.4365
198	17.3430	1.4363
199	17.3420	1.4358
200	17.3420	1.4358
201	17.3410	1.4352
202	17.3400	1.4352
203	17.3400	1.4348
204	17.3390	1.4343
205	17.3380	1.4341
206	17.3370	1.4337
207	17.3360	1.4335
208	17.3350	1.4333
209	17.3340	1.4328
210	17.3330	1.4324
211	17.3310	1.4322
212	17.3300	1.4320
213	17.3290	1.4315
214	17.3280	1.4313
215	17.3260	1.4307
216	17.3250	1.4307
217	17.3230	1.4300
218	17.3220	1.4300
219	17.3200	1.4294
220	17.3180	1.4292
221	17.3160	1.4285
222	17.3150	1.4283
223	17.3130	1.4281
224	17.3110	1.4277
225	17.3090	1.4273
226	17.3070	1.4268
227	17.3050	1.4268
228	17.3030	1.4262
229	17.3010	1.4258
230	17.2980	1.4253
231	17.2960	1.4249
232	17.2940	1.4245
233	17.2920	1.4242
234	17.2890	1.4238
235	17.2870	1.4234
236	17.2840	1.4230
237	17.2820	1.4227
238	17.2790	1.4223
239	17.2770	1.4217
240	17.2740	1.4215
241	17.2720	1.4210
242	17.2690	1.4206
243	17.2660	1.4204
244	17.2630	1.4197
245	17.2600	1.4195
246	17.2580	1.4189
247	17.2550	1.4185
248	17.2520	1.4182
249	17.2490	1.4176
250	17.2460	1.4172
251	17.2430	1.4167
252	17.2400	1.4165
253	17.2370	1.4161
254	17.2340	1.4155
255	17.2310	1.4150
256	17.2270	1.4146
257	17.2240	1.4139
258	17.2210	1.4137
259	17.2180	1.4133
260	17.2140	1.4127
261	17.2110	1.4122
262	17.2080	1.4118
263	17.2040	1.4116
264	17.2010	1.4112
265	17.1980	1.4105
266	17.1940	1.4101
267	17.1910	1.4097
268	17.1870	1.4092
269	17.1840	1.4088
270	17.1800	1.4084
271	17.1770	1.4077
272	17.1730	1.4073
273	17.1700	1.4069
274	17.1660	1.4067
275	17.1620	1.4060
276	17.1590	1.4054
277	17.1550	1.4052
278	17.1510	1.4045
279	17.1480	1.4043
280	17.1440	1.4036
281	17.1400	1.4032
282	17.1360	1.4028
283	17.1330	1.4021
284	17.1290	1.4017
285	17.1250	1.4013
286	17.1210	1.4009
287	17.1170	1.4004
288	17.1140	1.3998
289	17.1100	1.3994
290	17.1060	1.3991
291	17.1020	1.3983
292	17.0980	1.3979
293	17.0940	1.3974
294	17.0900	1.3970
295	17.0860	1.3966
296	17.0820	1.3961
297	17.0780	1.3955
298	17.0740	1.3951
299	17.0700	1.3946
300	17.0660	1.3942
301	17.0620	1.3936
302	17.0580	1.3931
303	17.0540	1.3927
304	17.0500	1.3921
305	17.0460	1.3916
306	17.0420	1.3912
307	17.0380	1.3908
308	17.0340	1.3903
309	17.0300	1.3899
310	17.0260	1.3893
311	17.0220	1.3888
312	17.0180	1.3884
313	17.0140	1.3880
314	17.0100	1.3876
315	17.0060	1.3871
316	17.0020	1.3867
317	16.9970	1.3861
318	16.9930	1.3854
319	16.9890	1.3850
320	16.9850	1.3845
321	16.9810	1.3841
322	16.9770	1.3837
323	16.9730	1.3833
324	16.9690	1.3828
325	16.9640	1.3824
326	16.9600	1.3820
327	16.9560	1.3811
328	16.9520	1.3807
329	16.9480	1.3803
330	16.9440	1.3798
331	16.9400	1.3794
332	16.9360	1.3790
333	16.9310	1.3785
334	16.9270	1.3781
335	16.9230	1.3775
336	16.9190	1.3770
337	16.9150	1.3766
338	16.9110	1.3762
339	16.9070	1.3755
340	16.9020	1.3749
341	16.8980	1.3745
342	16.8940	1.3740
343	16.8900	1.3736
344	16.8860	1.3732
345	16.8820	1.3727
346	16.8780	1.3723
347	16.8740	1.3717
348	16.8690	1.3712
349	16.8650	1.3708
350	16.8610	1.3704
351	16.8570	1.3700
352	16.8530	1.3695
353	16.8490	1.3691
354	16.8440	1.3687
355	16.8400	1.3682
356	16.8360	1.3678
357	16.8320	1.3672
358	16.8280	1.3667
359	16.8240	1.3663
360	16.8200	1.3657
361	16.8160	1.3652
362	16.8120	1.3648
363	16.8070	1.3646
364	16.8030	1.3642
365	16.7990	1.3635
366	16.7950	1.3631
367	16.7910	1.3624
368	16.7870	1.3620
369	16.7830	1.3616
370	16.7790	1.3612
371	16.7740	1.3607
372	16.7700	1.3603
373	16.7660	1.3599
374	16.7620	1.3594
375	16.7580	1.3590
376	16.7540	1.3586
377	16.7500	1.3579
378	16.7460	1.3575
379	16.7420	1.3571
380	16.7380	1.3569
381	16.7340	1.3564
382	16.7300	1.3558
383	16.7260	1.3554
384	16.7220	1.3549
385	16.7170	1.3543
386	16.7130	1.3539
387	16.7090	1.3536
388	16.7050	1.3530
389	16.7010	1.3526
390	16.6970	1.3521
391	16.6930	1.3517
392	16.6890	1.3513
393	16.6850	1.3509
394	16.6810	1.3504
395	16.6770	1.3500
396	16.6730	1.3496
397	16.6690	1.3491
398	16.6650	1.3487
399	16.6610	1.3485
400	16.6570	1.3481
401	16.6530	1.3474
402	16.6490	1.3470
403	16.6450	1.3466
404	16.6410	1.3461
405	16.6370	1.3457
406	16.6330	1.3453
407	16.6290	1.3448
408	16.6250	1.3444
409	16.6210	1.3438
410	16.6180	1.3438
411	16.6140	1.3431
412	16.6100	1.3427
413	16.6060	1.3423
414	16.6020	1.3418
415	16.5980	1.3414
416	16.5940	1.3412
417	16.5900	1.3406
418	16.5860	1.3401
419	16.5820	1.3397
420	16.5780	1.3393
421	16.5740	1.3388
422	16.5710	1.3386
423	16.5670	1.3380
424	16.5630	1.3376
425	16.5590	1.3371
426	16.5550	1.3369
427	16.5510	1.3365
428	16.5480	1.3358
429	16.5440	1.3354
430	16.5400	1.3352
431	16.5360	1.3348
432	16.5320	1.3343
433	16.5280	1.3337
434	16.5250	1.3335
435	16.5210	1.3330
436	16.5170	1.3326
437	16.5130	1.3324
438	16.5100	1.3320
439	16.5060	1.3315
440	16.5020	1.3311
441	16.4980	1.3307
442	16.4950	1.3305
443	16.4910	1.3298
444	16.4870	1.3294
445	16.4830	1.3290
446	16.4800	1.3288
447	16.4760	1.3283
448	16.4720	1.3279
449	16.4690	1.3273
450	16.4650	1.3270
451	16.4610	1.3266
452	16.4580	1.3264
453	16.4540	1.3258
454	16.4500	1.3255
455	16.4470	1.3251
456	16.4430	1.3245
457	16.4390	1.3242
458	16.4360	1.3240
459	16.4320	1.3236
460	16.4280	1.3230
461	16.4250	1.3227
462	16.4210	1.3225
463	16.4180	1.3219
464	16.4140	1.3217
465	16.4100	1.3212
466	16.4070	1.3208
467	16.4030	1.3204
468	16.4000	1.3200
469	16.3960	1.3197
470	16.3930	1.3193
471	16.3890	1.3189
472	16.3860	1.3187
473	16.3820	1.3180
474	16.3780	1.3178
475	16.3750	1.3172
476	16.3720	1.3170
477	16.3680	1.3167
478	16.3650	1.3161
479	16.3610	1.3159
480	16.3580	1.3155
481	16.3540	1.3150
482	16.3510	1.3146
483	16.3470	1.3144
484	16.3440	1.3139
485	16.3400	1.3135
486	16.3370	1.3133
487	16.3340	1.3129
488	16.3300	1.3127
489	16.3270	1.3122
490	16.3230	1.3118
491	16.3200	1.3114
492	16.3170	1.3109
493	16.3130	1.3107
494	16.3100	1.3105
495	16.3060	1.3099
496	16.3030	1.3097
497	16.3000	1.3092
498	16.2960	1.3088
499	16.2930	1.3086
500	16.2900	1.3082
501	16.2860	1.3077
502	16.2830	1.3075
503	16.2800	1.3071
504	16.2760	1.3067
505	16.2730	1.3064
506	16.2700	1.3060
507	16.2670	1.3056
508	16.2630	1.3054
509	16.2600	1.3049
510	16.2570	1.3047
511	16.2540	1.3043
512	16.2500	1.3039
513	16.2470	1.3036
514	16.2440	1.3032
515	16.2410	1.3030
516	16.2380	1.3026
517	16.2340	1.3021
518	16.2310	1.3019
519	16.2280	1.3015
520	16.2250	1.3011
521	16.2210	1.3009
522	16.2180	1.3004
523	16.2150	1.3002
524	16.2120	1.3000
525	16.2090	1.2994
526	16.2060	1.2991
527	16.2030	1.2989
528	16.2000	1.2985
529	16.1960	1.2981
530	16.1930	1.2976
531	16.1900	1.2974
532	16.1870	1.2972
533	16.1840	1.2968
534	16.1810	1.2964
535	16.1780	1.2961
536	16.1750	1.2957
537	16.1720	1.2955
538	16.1690	1.2953
539	16.1660	1.2948
540	16.1630	1.2944
541	16.1600	1.2942
542	16.1570	1.2938
543	16.1540	1.2936
544	16.1510	1.2931
545	16.1480	1.2927
546	16.1450	1.2925
547	16.1420	1.2921
548	16.1390	1.2921
549	16.1360	1.2916
550	16.1330	1.2912
551	16.1300	1.2910
552	16.1270	1.2906
553	16.1240	1.2901
554	16.1210	1.2901
555	16.1180	1.2897
556	16.1150	1.2893
557	16.1120	1.2891
558	16.1100	1.2886
559	16.1070	1.2884
560	16.1040	1.2880
561	16.1010	1.2876
562	16.0980	1.2876
563	16.0950	1.2873
564	16.0930	1.2869
565	16.0900	1.2867
566	16.0870	1.2863
567	16.0840	1.2861
568	16.0810	1.2856
569	16.0780	1.2852
570	16.0760	1.2850
571	16.0730	1.2848
572	16.0700	1.2843
573	16.0670	1.2841
574	16.0650	1.2837
575	16.0620	1.2835
576	16.0590	1.2833
577	16.0560	1.2828
578	16.0540	1.2826
579	16.0510	1.2822
580	16.0480	1.2820
581	16.0460	1.2818
582	16.0430	1.2815
583	16.0400	1.2811
584	16.0380	1.2809
585	16.0350	1.2807
586	16.0320	1.2803
587	16.0300	1.2800
588	16.0270	1.2798
589	16.0240	1.2794
590	16.0220	1.2792
591	16.0190	1.2790
592	16.0160	1.2788
593	16.0140	1.2781
594	16.0110	1.2779
595	16.0090	1.2777
596	16.0060	1.2775
597	16.0040	1.2773
598	16.0010	1.2768
599	15.9990	1.2764
600	15.9960	1.2762
601	15.9940	1.2760
602	15.9910	1.2758
603	15.9880	1.2755
604	15.9860	1.2751
605	15.9840	1.2751
606	15.9810	1.2745
607	15.9790	1.2745
608	15.9760	1.2740
609	15.9740	1.2740
610	15.9710	1.2734
611	15.9690	1.2732
612	15.9660	1.2730
613	15.9640	1.2727
614	15.9620	1.2725
615	15.9590	1.2721
616	15.9570	1.2719
617	15.9540	1.2717
618	15.9520	1.2712
619	15.9500	1.2712
620	15.9470	1.2708
621	15.9450	1.2708
622	15.9430	1.2704
623	15.9400	1.2700
624	15.9380	1.2700
625	15.9360	1.2695
626	15.9330	1.2693
627	15.9310	1.2691
628	15.9290	1.2689
629	15.9270	1.2687
630	15.9240	1.2685
631	15.9220	1.2680
632	15.9200	1.2678
633	15.9180	1.2676
634	15.9150	1.2672
635	15.9130	1.2672
636	15.9110	1.2667
637	15.9090	1.2665
638	15.9060	1.2661
639	15.9040	1.2661
640	15.9020	1.2659
641	15.9000	1.2655
642	15.8980	1.2655
643	15.8960	1.2650
644	15.8940	1.2648
645	15.8910	1.2644
646	15.8890	1.2644
647	15.8870	1.2639
648	15.8850	1.2637
649	15.8830	1.2637
650	15.8810	1.2633
651	15.8790	1.2633
652	15.8770	1.2629
653	15.8740	1.2629
654	15.8720	1.2624
655	15.8700	1.2624
656	15.8680	1.2620
657	15.8660	1.2618
658	15.8640	1.2616
659	15.8620	1.2612
660	15.8600	1.2612
661	15.8580	1.2607
662	15.8560	1.2607
663	15.8540	1.2603
664	15.8520	1.2603
665	15.8500	1.2599
666	15.8480	1.2597
667	15.8460	1.2594
668	15.8440	1.2592
669	15.8420	1.2590
670	15.8400	1.2588
671	15.8380	1.2584
672	15.8370	1.2584
673	15.8350	1.2582
674	15.8330	1.2577
675	15.8310	1.2577
676	15.8290	1.2573
677	15.8270	1.2573
678	15.8250	1.2571
679	15.8230	1.2567
680	15.8210	1.2564
681	15.8200	1.2564
682	15.8180	1.2560
683	15.8160	1.2560
684	15.8140	1.2558
685	15.8120	1.2556
686	15.8100	1.2552
687	15.8080	1.2552
688	15.8070	1.2549
689	15.8050	1.2545
690	15.8030	1.2545
691	15.8010	1.2543
692	15.8000	1.2541
693	15.7980	1.2536
694	15.7960	1.2536
695	15.7940	1.2534
696	15.7920	1.2532
697	15.7910	1.2528
698	15.7890	1.2528
699	15.7870	1.2526
700	15.7850	1.2524
701	15.7840	1.2519
702	15.7820	1.2521
703	15.7800	1.2517
704	15.7780	1.2515
705	15.7770	1.2513
706	15.7750	1.2511
707	15.7730	1.2511
708	15.7720	1.2509
709	15.7700	1.2504
710	15.7680	1.2502
711	15.7660	1.2500
712	15.7650	1.2500
713	15.7630	1.2498
714	15.7620	1.2496
715	15.7600	1.2494
716	15.7580	1.2491
717	15.7570	1.2489
718	15.7550	1.2489
719	15.7530	1.2485
720	15.7520	1.2485
721	15.7500	1.2481
722	15.7480	1.2481
723	15.7470	1.2476
724	15.7450	1.2474
725	15.7440	1.2472
726	15.7420	1.2472
727	15.7400	1.2470
728	15.7390	1.2468
729	15.7370	1.2466
730	15.7360	1.2464
731	16.0190	1.2702
732	16.0180	1.2700
733	16.0160	1.2697
734	16.0150	1.2697
735	16.0140	1.2697
736	16.0120	1.2697
737	16.0110	1.2695
738	16.0100	1.2693
739	16.0080	1.2693
740	16.0070	1.2691
741	16.0060	1.2691
742	16.0040	1.2689
743	16.0030	1.2687
744	16.0020	1.2689
745	16.0010	1.2685
746	15.9990	1.2685
747	15.9980	1.2682
748	15.9970	1.2682
749	15.9950	1.2682
750	15.9940	1.2680
751	15.9930	1.2678
752	15.9920	1.2678
753	15.9900	1.2676
754	15.9890	1.2676
755	15.9880	1.2674
756	15.9860	1.2672
757	15.9850	1.2674
758	15.9840	1.2672
759	15.9820	1.2670
760	15.9810	1.2670
761	15.9800	1.2670
762	15.9790	1.2670
763	15.9770	1.2667
764	15.9760	1.2665
765	15.9750	1.2665
766	15.9740	1.2663
767	15.9720	1.2661
768	15.9710	1.2661
769	15.9700	1.2661
770	15.9680	1.2661
771	15.9670	1.2659
772	15.9660	1.2657
773	15.9650	1.2659
774	15.9630	1.2657
775	15.9620	1.2655
776	15.9610	1.2655
777	15.9600	1.2652
778	15.9580	1.2650
779	15.9570	1.2650
780	15.9560	1.2648
781	15.9540	1.2650
782	15.9530	1.2648
783	15.9520	1.2646
784	15.9510	1.2648
785	15.9490	1.2646
786	15.9480	1.2644
787	15.9470	1.2644
788	15.9460	1.2642
789	15.9440	1.2639
790	15.9430	1.2642
791	15.9420	1.2639
792	15.9410	1.2637
793	15.9390	1.2637
794	15.9380	1.2635
795	15.9370	1.2637
796	15.9360	1.2635
797	15.9340	1.2633
798	15.9330	1.2631
799	15.9320	1.2633
800	15.9310	1.2631
801	15.9290	1.2629
802	15.9280	1.2631
803	15.9270	1.2629
804	15.9260	1.2627
805	15.9240	1.2627
806	15.9230	1.2624
807	15.9220	1.2627
808	15.9210	1.2624
809	15.9190	1.2622
810	15.9180	1.2622
811	15.9170	1.2620
812	15.9160	1.2620
813	15.9140	1.2620
814	15.9130	1.2618
815	15.9120	1.2616
816	15.9110	1.2618
817	15.9100	1.2616
818	15.9080	1.2614
819	15.9070	1.2616
820	15.9060	1.2614
821	15.9050	1.2612
822	15.9030	1.2614
823	15.9020	1.2612
824	15.9010	1.2609
825	15.9000	1.2607
826	15.8980	1.2609
827	15.8970	1.2607
828	15.8960	1.2605
829	15.8950	1.2607
830	15.8940	1.2605
831	15.8920	1.2603
832	15.8910	1.2605
833	15.8900	1.2603
834	15.8890	1.2601
835	15.8880	1.2603
836	15.8860	1.2601
837	15.8850	1.2599
838	15.8840	1.2601
839	15.8830	1.2599
840	15.8820	1.2597
841	15.8800	1.2599
842	15.8790	1.2597
843	15.8780	1.2594
844	15.8770	1.2597
845	15.8760	1.2594
846	15.8740	1.2592
847	15.8730	1.2594
848	15.8720	1.2592
849	15.8710	1.2590
850	15.8690	1.2590
851	15.8680	1.2590
852	15.8670	1.2588
853	15.8660	1.2588
854	15.8650	1.2588
855	15.8630	1.2586
856	15.8620	1.2586
857	15.8610	1.2584
858	15.8600	1.2584
859	15.8590	1.2584
860	15.8580	1.2582
861	15.8560	1.2579
862	15.8550	1.2582
863	15.8540	1.2579
864	15.8530	1.2577
865	15.8520	1.2579
866	15.8500	1.2577
867	15.8490	1.2579
868	15.8480	1.2577
869	15.8470	1.2575
870	15.8460	1.2575
871	15.8440	1.2575
872	15.8430	1.2575
873	15.8420	1.2573
874	15.8410	1.2573
875	15.8400	1.2573
876	15.8380	1.2571
877	15.8370	1.2571
878	15.8360	1.2571
879	15.8350	1.2571
880	15.8340	1.2569
881	15.8330	1.2571
882	15.8310	1.2569
883	15.8300	1.2567
884	15.8290	1.2567
885	15.8280	1.2567
886	15.8270	1.2567
887	15.8260	1.2564
888	15.8240	1.2562
889	15.8230	1.2564
890	15.8220	1.2562
891	15.8210	1.2560
892	15.8200	1.2562
893	15.8190	1.2562
894	15.8170	1.2560
895	15.8160	1.2558
896	15.8150	1.2558
897	15.8140	1.2560
898	15.8130	1.2558
899	15.8120	1.2556
900	15.8100	1.2558
901	15.8090	1.2556
902	15.8080	1.2556
903	15.8070	1.2554
904	15.8060	1.2554
905	15.8050	1.2554
906	15.8040	1.2552
907	15.8020	1.2554
908	15.8010	1.2554
909	15.8000	1.2552
910	15.7990	1.2552
911	15.7980	1.2549
912	15.7970	1.2552
913	15.7950	1.2549
914	15.7940	1.2547
915	15.7930	1.2549
916	15.7920	1.2547
917	15.7910	1.2547
918	15.7900	1.2545
919	15.7880	1.2545
920	15.7870	1.2547
921	15.7860	1.2545
922	15.7850	1.2545
923	15.7840	1.2545
924	15.7830	1.2543
925	15.7820	1.2543
926	15.7800	1.2541
927	15.7790	1.2543
928	15.7780	1.2541
929	15.7770	1.2541
930	15.7760	1.2541
931	15.7750	1.2539
932	15.7740	1.2541
933	15.7730	1.2539
934	15.7710	1.2539
935	15.7700	1.2536
936	15.7690	1.2536
937	15.7680	1.2536
938	15.7670	1.2536
939	15.7660	1.2536
940	15.7650	1.2536
941	15.7640	1.2536
942	15.7620	1.2534
943	15.7610	1.2532
944	15.7600	1.2534
945	15.7590	1.2534
946	15.7580	1.2534
947	15.7570	1.2532
948	15.7560	1.2534
949	15.7540	1.2532
950	15.7530	1.2532
951	15.7520	1.2530
952	15.7510	1.2530
953	15.7500	1.2530
954	15.7490	1.2530
955	15.7480	1.2530
956	15.7470	1.2528
957	15.7460	1.2530
958	15.7440	1.2528
959	15.7430	1.2528
960	15.7420	1.2526
961	15.7410	1.2526
962	15.7400	1.2528
963	15.7390	1.2526
964	15.7380	1.2526
965	15.7370	1.2524
966	15.7360	1.2526
967	15.7340	1.2526
968	15.7330	1.2526
969	15.7320	1.2524
970	15.7310	1.2521
971	15.7300	1.2521
972	15.7290	1.2524
973	15.7280	1.2524
974	15.7270	1.2521
975	15.7260	1.2521
976	15.7240	1.2519
977	15.7230	1.2521
978	15.7220	1.2519
979	15.7210	1.2519
980	15.7200	1.2519
981	15.7190	1.2521
982	15.7180	1.2519
983	15.7170	1.2519
984	15.7160	1.2519
985	15.7150	1.2517
986	15.7140	1.2517
987	15.7120	1.2517
988	15.7110	1.2517
989	15.7100	1.2517
990	15.7090	1.2515
991	15.7080	1.2515
992	15.7070	1.2517
993	15.7060	1.2515
994	15.7050	1.2515
995	15.7040	1.2515
996	15.7030	1.2515
997	15.7020	1.2513
998	15.7000	1.2515
999	15.6990	1.2513
1000	15.6980	1.2513
1001	15.6970	1.2513
1002	15.6960	1.2515
1003	15.6950	1.2513
1004	15.6940	1.2513
1005	15.6930	1.2513
1006	15.6920	1.2513
1007	15.6910	1.2511
1008	15.6900	1.2513
1009	15.6880	1.2511
1010	15.6870	1.2511
1011	15.6860	1.2511
1012	15.6850	1.2511
1013	15.6840	1.2509
1014	15.6830	1.2511
1015	15.6820	1.2511
1016	15.6810	1.2511
1017	15.6800	1.2509
1018	15.6790	1.2509
1019	15.6780	1.2509
1020	15.6770	1.2511
1021	15.6760	1.2509
1022	15.6750	1.2509
1023	15.6740	1.2509
1024	15.6720	1.2509
1025	15.6710	1.2506
1026	15.6700	1.2506
1027	15.6690	1.2509
1028	15.6680	1.2509
1029	15.6670	1.2506
1030	15.6660	1.2506
1031	15.6650	1.2506
1032	15.6640	1.2506
1033	15.6630	1.2504
1034	15.6620	1.2506
1035	15.6610	1.2506
1036	15.6600	1.2506
1037	15.6590	1.2504
1038	15.6580	1.2504
1039	15.6570	1.2504
1040	15.6560	1.2504
1041	15.6550	1.2502
1042	15.6540	1.2504
1043	15.6520	1.2504
1044	15.6510	1.2504
1045	15.6500	1.2504
1046	15.6490	1.2504
1047	15.6480	1.2506
1048	15.6470	1.2502
1049	15.6460	1.2504
1050	15.6450	1.2504
1051	15.6440	1.2504
1052	15.6430	1.2502
1053	15.6420	1.2502
1054	15.6410	1.2502
1055	15.6400	1.2502
1056	15.6390	1.2502
1057	15.6380	1.2504
1058	15.6370	1.2504
1059	15.6360	1.2502
1060	15.6350	1.2502
1061	15.6340	1.2502
1062	15.6330	1.2502
1063	15.6320	1.2502
1064	15.6310	1.2502
1065	15.6300	1.2500
1066	15.6290	1.2502
1067	15.6280	1.2502
1068	15.6270	1.2502
1069	15.6260	1.2502
1070	15.6250	1.2502
1071	15.6240	1.2502
1072	15.6230	1.2500
1073	15.6220	1.2500
1074	15.6210	1.2500
1075	15.6200	1.2502
1076	15.6180	1.2502
1077	15.6180	1.2502
1078	15.6160	1.2502
1079	15.6160	1.2502
1080	15.6140	1.2502
1081	15.6140	1.2500
1082	15.6120	1.2500
1083	15.6120	1.2504
1084	15.6100	1.2500
1085	15.6100	1.2502
1086	15.6080	1.2502
1087	15.6080	1.2502
1088	15.6060	1.2502
1089	15.6060	1.2502
1090	15.6040	1.2502
1091	15.6040	1.2502
1092	15.6020	1.2502
1093	15.6020	1.2500
1094	15.6000	1.2502
1095	15.6000	1.2504
1096	15.5990	1.2500
1097	15.5980	1.2504
1098	15.5970	1.2500
1099	15.5960	1.2502
1100	15.5950	1.2502
1101	15.5940	1.2502
1102	15.5930	1.2502
1103	15.5920	1.2502
1104	15.5910	1.2502
1105	15.5900	1.2502
1106	15.5890	1.2502
1107	15.5880	1.2502
1108	15.5870	1.2502
1109	15.5860	1.2502
1110	15.5850	1.2504
1111	15.5840	1.2502
1112	15.5830	1.2504
1113	15.5820	1.2502
1114	15.5810	1.2504
1115	15.5800	1.2504
1116	15.5790	1.2504
1117	15.5780	1.2504
1118	15.5770	1.2504
1119	15.5760	1.2504
1120	15.5750	1.2504
1121	15.5740	1.2504
1122	15.5730	1.2504
1123	15.5720	1.2504
1124	15.5710	1.2504
1125	15.5700	1.2504
1126	15.5700	1.2504
1127	15.5680	1.2504
1128	15.5680	1.2506
1129	15.5670	1.2504
1130	15.5660	1.2506
1131	15.5650	1.2506
1132	15.5640	1.2504
1133	15.5630	1.2506
1134	15.5620	1.2504
1135	15.5610	1.2506
1136	15.5600	1.2506
1137	15.5590	1.2506
1138	15.5580	1.2506
1139	15.5570	1.2506
1140	15.5560	1.2506
1141	15.5550	1.2506
1142	15.5540	1.2511
1143	15.5540	1.2506
1144	15.5520	1.2509
1145	15.5520	1.2511
1146	15.5510	1.2509
1147	15.5500	1.2509
1148	15.5490	1.2511
1149	15.5480	1.2509
1150	15.5470	1.2511
1151	15.5460	1.2513
1152	15.5450	1.2509
1153	15.5440	1.2511
1154	15.5430	1.2509
1155	15.5420	1.2511
1156	15.5420	1.2513
1157	15.5410	1.2511
1158	15.5400	1.2511
1159	15.5390	1.2511
1160	15.5380	1.2515
1161	15.5370	1.2513
1162	15.5360	1.2513
1163	15.5350	1.2513
1164	15.5340	1.2513
1165	15.5330	1.2513
1166	15.5320	1.2515
1167	15.5320	1.2515
1168	15.5310	1.2515
1169	15.5300	1.2515
1170	15.5290	1.2515
1171	15.5280	1.2517
1172	15.5270	1.2517
1173	15.5260	1.2517
1174	15.5250	1.2517
1175	15.5240	1.2517
1176	15.5240	1.2517
1177	15.5230	1.2519
1178	15.5220	1.2519
1179	15.5210	1.2519
1180	15.5200	1.2519
1181	15.5190	1.2521
1182	15.5180	1.2521
1183	15.5180	1.2521
1184	15.5170	1.2521
1185	15.5160	1.2524
1186	15.5150	1.2521
1187	15.5140	1.2521
1188	15.5130	1.2521
1189	15.5120	1.2524
1190	15.5120	1.2524
1191	15.5110	1.2524
1192	15.5100	1.2524
1193	15.5090	1.2524
1194	15.5080	1.2526
1195	15.5070	1.2526
1196	15.5060	1.2528
1197	15.5060	1.2528
1198	15.5050	1.2528
1199	15.5040	1.2528
1200	15.5030	1.2526
1201	15.5020	1.2528
1202	15.5010	1.2528
1203	15.5000	1.2530
1204	15.5000	1.2530
1205	15.4990	1.2530
1206	15.4980	1.2532
1207	15.4970	1.2532
1208	15.4960	1.2532
1209	15.4960	1.2532
1210	15.4950	1.2534
1211	15.4940	1.2534
1212	15.4930	1.2532
1213	15.4920	1.2534
1214	15.4910	1.2534
1215	15.4900	1.2536
1216	15.4900	1.2536
1217	15.4890	1.2536
1218	15.4880	1.2539
1219	15.4870	1.2539
1220	15.4860	1.2539
1221	15.4860	1.2539
1222	15.4850	1.2539
1223	15.4840	1.2539
1224	15.4830	1.2541
1225	15.4820	1.2541
1226	15.4820	1.2543
1227	15.4810	1.2543
1228	15.4800	1.2543
1229	15.4790	1.2545
1230	15.4780	1.2543
1231	15.4780	1.2545
1232	15.4770	1.2545
1233	15.4760	1.2545
1234	15.4750	1.2547
1235	15.4740	1.2547
1236	15.4740	1.2549
1237	15.4730	1.2547
1238	15.4720	1.2547
1239	15.4710	1.2549
1240	15.4710	1.2549
1241	15.4700	1.2552
1242	15.4690	1.2552
1243	15.4680	1.2554
1244	15.4680	1.2554
1245	15.4670	1.2556
1246	15.4660	1.2554
1247	15.4650	1.2554
1248	15.4640	1.2556
1249	15.4640	1.2558
1250	15.4630	1.2558
1251	15.4620	1.2556
1252	15.4610	1.2558
1253	15.4610	1.2558
1254	15.4600	1.2560
1255	15.4590	1.2562
1256	15.4580	1.2560
1257	15.4580	1.2560
1258	15.4570	1.2562
1259	15.4560	1.2564
1260	15.4550	1.2564
1261	15.4550	1.2564
1262	15.4540	1.2567
1263	15.4530	1.2564
1264	15.4520	1.2567
1265	15.4520	1.2569
1266	15.4510	1.2569
1267	15.4500	1.2569
1268	15.4500	1.2569
1269	15.4490	1.2571
1270	15.4480	1.2571
1271	15.4470	1.2573
1272	15.4470	1.2575
1273	15.4460	1.2573
1274	15.4450	1.2573
1275	15.4440	1.2575
1276	15.4440	1.2577
1277	15.4430	1.2577
1278	15.4420	1.2579
1279	15.4420	1.2577
1280	15.4410	1.2579
1281	15.4400	1.2582
1282	15.4400	1.2582
1283	15.4390	1.2584
1284	15.4380	1.2582
1285	15.4370	1.2584
1286	15.4370	1.2584
1287	15.4360	1.2586
1288	15.4350	1.2586
1289	15.4340	1.2586
1290	15.4340	1.2588
1291	15.4330	1.2590
1292	15.4320	1.2588
1293	15.4320	1.2590
1294	15.4310	1.2590
1295	15.4300	1.2592
1296	15.4300	1.2594
1297	15.4290	1.2594
1298	15.4280	1.2594
1299	15.4280	1.2594
1300	15.4270	1.2597
1301	15.4260	1.2597
1302	15.4260	1.2599
1303	15.4250	1.2599
1304	15.4240	1.2601
1305	15.4240	1.2603
1306	15.4230	1.2603
1307	15.4220	1.2603
1308	15.4220	1.2605
1309	15.4210	1.2605
1310	15.4200	1.2605
1311	15.4200	1.2607
1312	15.4190	1.2607
1313	15.4180	1.2609
1314	15.4180	1.2609
1315	15.4170	1.2612
1316	15.4160	1.2612
1317	15.4160	1.2614
1318	15.4150	1.2612
1319	15.4140	1.2614
1320	15.4140	1.2616
1321	15.4130	1.2618
1322	15.4120	1.2618
1323	15.4120	1.2618
1324	15.4110	1.2620
1325	15.4100	1.2622
1326	15.4100	1.2620
1327	15.4090	1.2622
1328	15.4080	1.2624
1329	15.4080	1.2624
1330	15.4070	1.2624
1331	15.4060	1.2627
1332	15.4060	1.2629
1333	15.4050	1.2629
1334	15.4050	1.2631
1335	15.4040	1.2631
1336	15.4030	1.2633
1337	15.4030	1.2633
1338	15.4020	1.2633
1339	15.4020	1.2635
1340	15.4010	1.2635
1341	15.4000	1.2637
1342	15.4000	1.2639
1343	15.3990	1.2637
1344	15.3980	1.2639
1345	15.3980	1.2642
1346	15.3970	1.2644
1347	15.3960	1.2644
1348	15.3960	1.2644
1349	15.3950	1.2646
1350	15.3950	1.2648
1351	15.3940	1.2648
1352	15.3930	1.2650
1353	15.3930	1.2652
1354	15.3920	1.2650
1355	15.3920	1.2652
1356	15.3910	1.2655
1357	15.3900	1.2655
1358	15.3900	1.2655
1359	15.3890	1.2657
1360	15.3880	1.2657
1361	15.3880	1.2659
1362	15.3870	1.2661
1363	15.3870	1.2663
1364	15.3860	1.2663
1365	15.3860	1.2665
1366	15.3850	1.2665
1367	15.3840	1.2665
1368	15.3840	1.2667
1369	15.3830	1.2670
1370	15.3820	1.2670
1371	15.3820	1.2672
1372	15.3810	1.2674
1373	15.3810	1.2674
1374	15.3800	1.2676
1375	15.3800	1.2676
1376	15.3790	1.2678
1377	15.3780	1.2678
1378	15.3780	1.2680
1379	15.3770	1.2682
1380	15.3770	1.2682
1381	15.3760	1.2685
1382	15.3760	1.2687
1383	15.3750	1.2687
1384	15.3740	1.2689
1385	15.3740	1.2691
1386	15.3730	1.2689
1387	15.3730	1.2691
1388	15.3720	1.2693
1389	15.3720	1.2693
1390	15.3710	1.2695
1391	15.3700	1.2697
1392	15.3700	1.2697
1393	15.3690	1.2700
1394	15.3690	1.2702
1395	15.3680	1.2702
1396	15.3680	1.2704
1397	15.3670	1.2706
1398	15.3660	1.2706
1399	15.3660	1.2708
1400	15.3650	1.2708
1401	15.3650	1.2708
1402	15.3640	1.2710
1403	15.3640	1.2710
1404	15.3630	1.2712
1405	15.3620	1.2715
1406	15.3620	1.2715
1407	15.3610	1.2717
1408	15.3610	1.2719
1409	15.3600	1.2719
1410	15.3600	1.2721
1411	15.3590	1.2723
1412	15.3590	1.2723
1413	15.3580	1.2725
1414	15.3580	1.2725
1415	15.3570	1.2727
1416	15.3560	1.2730
1417	15.3560	1.2730
1418	15.3550	1.2732
1419	15.3550	1.2734
1420	15.3540	1.2734
1421	15.3540	1.2736
1422	15.3530	1.2738
1423	15.3530	1.2738
1424	15.3520	1.2740
1425	15.3520	1.2742
1426	15.3510	1.2742
1427	15.3500	1.2745
1428	15.3500	1.2745
1429	15.3490	1.2747
1430	15.3490	1.2749
1431	15.3480	1.2749
1432	15.3480	1.2751
1433	15.3470	1.2753
1434	15.3470	1.2753
1435	15.3460	1.2755
1436	15.3460	1.2755
1437	15.3450	1.2758
1438	15.3440	1.2760
1439	15.3440	1.2760
1440	15.3440	1.2764
1441	15.3430	1.2764
1442	15.3420	1.2766
1443	15.3420	1.2768
1444	15.3410	1.2768
1445	15.3410	1.2770
1446	15.3400	1.2773
1447	15.3400	1.2773
1448	15.3390	1.2775
1449	15.3390	1.2775
1450	15.3380	1.2777
1451	15.3380	1.2779
1452	15.3370	1.2779
1453	15.3370	1.2781
1454	15.3360	1.2785
1455	15.3360	1.2785
1456	15.3350	1.2788
1457	15.3350	1.2788
1458	15.3340	1.2790
1459	15.3340	1.2792
1460	15.3330	1.2792
1461	15.3330	1.2794
1462	15.3320	1.2796
1463	15.3320	1.2798
1464	15.3310	1.2798
1465	15.3310	1.2800
1466	15.3300	1.2803
1467	15.3300	1.2803
1468	15.3290	1.2805
1469	15.3280	1.2807
1470	15.3280	1.2809
1471	15.3280	1.2811
1472	15.3270	1.2811
1473	15.3260	1.2813
1474	15.3260	1.2815
1475	15.3260	1.2815
1476	15.3250	1.2820
1477	15.3240	1.2820
1478	15.3240	1.2822
1479	15.3240	1.2822
1480	15.3230	1.2824
1481	15.3220	1.2826
1482	15.3220	1.2828
1483	15.3220	1.2830
1484	15.3210	1.2830
1485	15.3210	1.2833
1486	15.3200	1.2833
1487	15.3200	1.2835
1488	15.3190	1.2837
1489	15.3190	1.2837
1490	15.3180	1.2841
1491	15.3180	1.2843
1492	15.3170	1.2843
1493	15.3170	1.2845
1494	15.3160	1.2848
1495	15.3160	1.2850
1496	15.3150	1.2850
1497	15.3150	1.2852
1498	15.3140	1.2856
1499	15.3140	1.2856
1500	15.3130	1.2858
1501	15.3130	1.2858
1502	15.3120	1.2861
1503	15.3120	1.2861
1504	15.3110	1.2865
1505	15.3110	1.2867
1506	15.3100	1.2867
1507	15.3100	1.2869
1508	15.3090	1.2869
1509	15.3090	1.2873
1510	15.3080	1.2873
1511	15.3080	1.2876
1512	15.3080	1.2878
1513	15.3070	1.2880
1514	15.3070	1.2880
1515	15.3060	1.2882
1516	15.3060	1.2882
1517	15.3050	1.2886
1518	15.3050	1.2888
1519	15.3040	1.2888
1520	15.3040	1.2891
1521	15.3030	1.2893
1522	15.3030	1.2895
1523	15.3020	1.2897
1524	15.3020	1.2899
1525	15.3020	1.2901
1526	15.3010	1.2901
1527	15.3000	1.2903
1528	15.3000	1.2903
1529	15.3000	1.2908
1530	15.2990	1.2908
1531	15.2990	1.2910
1532	15.2980	1.2912
1533	15.2980	1.2914
1534	15.2970	1.2918
1535	15.2970	1.2918
1536	15.2960	1.2921
1537	15.2960	1.2921
1538	15.2960	1.2923
1539	15.2950	1.2925
1540	15.2950	1.2927
1541	15.2940	1.2927
1542	15.2940	1.2931
1543	15.2930	1.2931
1544	15.2930	1.2933
1545	15.2920	1.2938
1546	15.2920	1.2938
1547	15.2910	1.2940
1548	15.2910	1.2940
1549	15.2900	1.2944
1550	15.2900	1.2944
1551	15.2900	1.2948
1552	15.2890	1.2948
1553	15.2890	1.2951
1554	15.2880	1.2951
1555	15.2880	1.2955
1556	15.2870	1.2955
1557	15.2870	1.2959
1558	15.2860	1.2959
1559	15.2860	1.2961
1560	15.2860	1.2966
1561	15.2850	1.2966
1562	15.2850	1.2966
1563	15.2840	1.2970
1564	15.2840	1.2970
1565	15.2840	1.2974
1566	15.2830	1.2976
1567	15.2830	1.2976
1568	15.2820	1.2979
1569	15.2820	1.2981
1570	15.2810	1.2983
1571	15.2810	1.2985
1572	15.2800	1.2987
1573	15.2800	1.2987
1574	15.2800	1.2991
1575	15.2790	1.2991
1576	15.2790	1.2994
1577	15.2780	1.2996
1578	15.2780	1.2998
1579	15.2780	1.3000
1580	15.2770	1.3002
1581	15.2770	1.3002
1582	15.2760	1.3006
1583	15.2760	1.3006
1584	15.2750	1.3011
1585	15.2750	1.3011
1586	15.2740	1.3013
1587	15.2740	1.3015
1588	15.2740	1.3017
1589	15.2730	1.3019
1590	15.2730	1.3021
1591	15.2720	1.3024
1592	15.2720	1.3026
1593	15.2720	1.3026
1594	15.2710	1.3030
1595	15.2710	1.3030
1596	15.2700	1.3034
1597	15.2700	1.3034
1598	15.2700	1.3036
1599	15.2690	1.3039
1600	15.2690	1.3043
1601	15.2680	1.3043
1602	15.2680	1.3045
1603	15.2680	1.3047
1604	15.2670	1.3049
1605	15.2670	1.3052
1606	15.2660	1.3054
1607	15.2660	1.3054
1608	15.2650	1.3058
1609	15.2650	1.3058
1610	15.2650	1.3062
1611	15.2640	1.3062
1612	15.2640	1.3067
1613	15.2630	1.3067
1614	15.2630	1.3071
1615	15.2630	1.3071
1616	15.2620	1.3075
1617	15.2620	1.3075
1618	15.2610	1.3075
1619	15.2610	1.3079
1620	15.2610	1.3084
1621	15.2600	1.3084
1622	15.2600	1.3084
1623	15.2590	1.3088
1624	15.2590	1.3090
1625	15.2590	1.3092
1626	15.2580	1.3092
1627	15.2580	1.3097
1628	15.2580	1.3099
1629	15.2570	1.3101
1630	15.2570	1.3101
1631	15.2560	1.3105
1632	15.2560	1.3107
1633	15.2560	1.3109
1634	15.2550	1.3109
1635	15.2550	1.3114
1636	15.2540	1.3114
1637	15.2540	1.3116
1638	15.2540	1.3120
1639	15.2530	1.3120
1640	15.2530	1.3124
1641	15.2520	1.3124
1642	15.2520	1.3129
1643	15.2520	1.3129
1644	15.2510	1.3133
1645	15.2510	1.3135
1646	15.2500	1.3137
1647	15.2500	1.3137
1648	15.2500	1.3142
1649	15.2490	1.3144
1650	15.2490	1.3146
1651	15.2490	1.3146
1652	15.2480	1.3150
1653	15.2480	1.3152
1654	15.2480	1.3152
1655	15.2470	1.3157
1656	15.2470	1.3157
1657	15.2460	1.3161
1658	15.2460	1.3161
1659	15.2460	1.3165
1660	15.2450	1.3167
1661	15.2450	1.3170
1662	15.2440	1.3170
1663	15.2440	1.3174
1664	15.2440	1.3176
1665	15.2430	1.3176
1666	15.2430	1.3180
1667	15.2430	1.3180
1668	15.2420	1.3185
1669	15.2420	1.3187
1670	15.2420	1.3189
1671	15.2410	1.3191
1672	15.2410	1.3191
1673	15.2400	1.3195
1674	15.2400	1.3195
1675	15.2400	1.3200
1676	15.2390	1.3202
1677	15.2390	1.3204
1678	15.2390	1.3206
1679	15.2380	1.3210
1680	15.2380	1.3210
1681	15.2380	1.3212
1682	15.2370	1.3215
1683	15.2370	1.3217
1684	15.2360	1.3219
1685	15.2360	1.3221
1686	15.2360	1.3225
1687	15.2350	1.3225
1688	15.2350	1.3227
1689	15.2350	1.3232
1690	15.2340	1.3232
1691	15.2340	1.3236
1692	15.2340	1.3238
1693	15.2330	1.3240
1694	15.2330	1.3242
1695	15.2320	1.3247
1696	15.2320	1.3247
1697	15.2320	1.3249
1698	15.2310	1.3251
1699	15.2310	1.3253
1700	15.2310	1.3255
1701	15.2300	1.3258
1702	15.2300	1.3262
1703	15.2300	1.3262
1704	15.2290	1.3264
1705	15.2290	1.3268
1706	15.2290	1.3268
1707	15.2280	1.3273
1708	15.2280	1.3275
1709	15.2280	1.3277
1710	15.2270	1.3279
1711	15.2270	1.3281
1712	15.2260	1.3283
1713	15.2260	1.3285
1714	15.2260	1.3290
1715	15.2260	1.3290
1716	15.2250	1.3292
1717	15.2250	1.3296
1718	15.2240	1.3296
1719	15.2240	1.3300
1720	15.2240	1.3303
1721	15.2240	1.3307
1722	15.2230	1.3307
1723	15.2230	1.3309
1724	15.2220	1.3311
1725	15.2220	1.3313
1726	15.2220	1.3318
1727	15.2210	1.3320
1728	15.2210	1.3320
1729	15.2210	1.3324
1730	15.2200	1.3326
1731	15.2200	1.3328
1732	15.2200	1.3330
1733	15.2190	1.3333
1734	15.2190	1.3335
1735	15.2190	1.3337
1736	15.2180	1.3341
1737	15.2180	1.3341
1738	15.2180	1.3345
1739	15.2180	1.3348
1740	15.2170	1.3350
1741	15.2170	1.3354
1742	15.2160	1.3354
1743	15.2160	1.3356
1744	15.2160	1.3361
1745	15.2160	1.3361
1746	15.2150	1.3365
1747	15.2150	1.3367
1748	15.2140	1.3367
1749	15.2140	1.3371
1750	15.2140	1.3373
1751	15.2140	1.3378
1752	15.2130	1.3378
1753	15.2130	1.3380
1754	15.2130	1.3384
1755	15.2120	1.3386
1756	15.2120	1.3391
1757	15.2120	1.3391
1758	15.2110	1.3393
1759	15.2110	1.3397
1760	15.2110	1.3397
1761	15.2100	1.3401
1762	15.2100	1.3403
1763	15.2100	1.3406
1764	15.2100	1.3410
1765	15.2090	1.3410
1766	15.2090	1.3412
1767	15.2090	1.3416
1768	15.2080	1.3418
1769	15.2080	1.3418
1770	15.2080	1.3423
1771	15.2070	1.3425
1772	15.2070	1.3427
1773	15.2070	1.3431
1774	15.2060	1.3431
1775	15.2060	1.3436
1776	15.2060	1.3438
1777	15.2060	1.3440
1778	15.2050	1.3442
1779	15.2050	1.3444
1780	15.2050	1.3446
1781	15.2040	1.3451
1782	15.2040	1.3453
1783	15.2040	1.3457
1784	15.2040	1.3459
1785	15.2030	1.3459
1786	15.2030	1.3464
1787	15.2030	1.3466
1788	15.2020	1.3468
1789	15.2020	1.3470
1790	15.2020	1.3472
1791	15.2010	1.3474
1792	15.2010	1.3479
1793	15.2010	1.3481
1794	15.2000	1.3485
1795	15.2000	1.3485
1796	15.2000	1.3487
1797	15.2000	1.3491
1798	15.1990	1.3494
1799	15.1990	1.3496
1800	15.1990	1.3500
1801	15.1980	1.3502
1802	15.1980	1.3502
1803	15.1980	1.3506
1804	15.1980	1.3509
1805	15.1970	1.3511
1806	15.1970	1.3515
1807	15.1970	1.3517
1808	15.1970	1.3517
1809	15.1960	1.3521
1810	15.1960	1.3524
1811	15.1960	1.3526
1812	15.1960	1.3530
1813	15.1950	1.3532
1814	15.1950	1.3534
1815	15.1950	1.3539
1816	15.1940	1.3539
1817	15.1940	1.3541
1818	15.1940	1.3545
1819	15.1940	1.3547
1820	15.1930	1.3549
1821	15.1930	1.3554
1822	15.1930	1.3556
1823	15.1920	1.3556
1824	15.1920	1.3562
1825	15.1920	1.3562
1826	15.1920	1.3564
1827	15.1910	1.3569
1828	15.1910	1.3571
1829	15.1910	1.3573
1830	15.1910	1.3577
1831	15.1900	1.3579
1832	15.1900	1.3582
1833	15.1900	1.3586
1834	15.1900	1.3586
1835	15.1890	1.3590
1836	15.1890	1.3590
1837	15.1890	1.3594
1838	15.1890	1.3597
1839	15.1880	1.3599
1840	15.1880	1.3603
1841	15.1880	1.3605
1842	15.1880	1.3607
1843	15.1870	1.3609
1844	15.1870	1.3614
1845	15.1870	1.3616
1846	15.1860	1.3620
1847	15.1860	1.3622
1848	15.1860	1.3622
1849	15.1860	1.3629
1850	15.1860	1.3629
1851	15.1850	1.3631
1852	15.1850	1.3633
1853	15.1850	1.3637
1854	15.1840	1.3639
1855	15.1840	1.3642
1856	15.1840	1.3646
