Day	P50	StdDev
0	34.4620	1.2682
1	34.5620	1.2618
2	34.6620	1.2545
3	34.7620	1.2479
4	34.8630	1.2406
5	34.9630	1.2333
6	35.0630	1.2262
7	35.1630	1.2191
8	35.2640	1.2114
9	35.3640	1.2043
10	35.4640	1.1970
11	35.5640	1.1895
12	35.6640	1.1818
13	35.7650	1.1740
14	35.8650	1.1665
15	35.9650	1.1663
16	36.0630	1.1663
17	36.1590	1.1661
18	36.2530	1.1659
19	36.3440	1.1659
20	36.4340	1.1659
21	36.5220	1.1659
22	36.6080	1.1657
23	36.6920	1.1657
24	36.7750	1.1657
25	36.8570	1.1659
26	36.9370	1.1659
27	37.0150	1.1657
28	37.0930	1.1659
29	37.1690	1.1657
30	37.2440	1.1659
31	37.3170	1.1659
32	37.3900	1.1659
33	37.4610	1.1661
34	37.5320	1.1663
35	37.6010	1.1665
36	37.6690	1.1663
37	37.7370	1.1665
38	37.8030	1.1667
39	37.8690	1.1670
40	37.9340	1.1670
41	37.9980	1.1670
42	38.0610	1.1674
43	38.1230	1.1674
44	38.1850	1.1674
45	38.2460	1.1678
46	38.3060	1.1680
47	38.3660	1.1680
48	38.4240	1.1682
49	38.4820	1.1685
50	38.5400	1.1687
51	38.5970	1.1689
52	38.6530	1.1691
53	38.7090	1.1691
54	38.7640	1.1691
55	38.8180	1.1697
56	38.8720	1.1697
57	38.9260	1.1700
58	38.9790	1.1702
59	39.0310	1.1702
60	39.0830	1.1706
61	39.1350	1.1710
62	39.1860	1.1710
63	39.2370	1.1712
64	39.2870	1.1717
65	39.3370	1.1721
66	39.3860	1.1723
67	39.4350	1.1725
68	39.4840	1.1727
69	39.5320	1.1730
70	39.5800	1.1732
71	39.6270	1.1734
72	39.6740	1.1738
73	39.7210	1.1742
74	39.7670	1.1745
75	39.8130	1.1747
76	39.8580	1.1751
77	39.9030	1.1753
78	39.9480	1.1760
79	39.9920	1.1760
80	40.0360	1.1766
81	40.0800	1.1766
82	40.1240	1.1770
83	40.1670	1.1775
84	40.2100	1.1775
85	40.2520	1.1779
86	40.2940	1.1783
87	40.3360	1.1788
88	40.3780	1.1792
89	40.4190	1.1792
90	40.4600	1.1796
91	40.5010	1.1800
92	40.5410	1.1803
93	40.5820	1.1809
94	40.6210	1.1809
95	40.6610	1.1815
96	40.7000	1.1818
97	40.7400	1.1824
98	40.7780	1.1826
99	40.8170	1.1830
100	40.8560	1.1835
101	40.8940	1.1835
102	40.9320	1.1843
103	40.9690	1.1845
104	41.0060	1.1848
105	41.0440	1.1856
106	41.0800	1.1856
107	41.1170	1.1861
108	41.1540	1.1867
109	41.1900	1.1869
110	41.2260	1.1876
111	41.2620	1.1878
112	41.2970	1.1884
113	41.3320	1.1886
114	41.3670	1.1891
115	41.4020	1.1893
116	41.4370	1.1899
117	41.4710	1.1903
118	41.5050	1.1906
119	41.5390	1.1912
120	41.5730	1.1918
121	41.6070	1.1918
122	41.6400	1.1923
123	41.6730	1.1929
124	41.7060	1.1931
125	41.7390	1.1936
126	41.7720	1.1942
127	41.8040	1.1946
128	41.8360	1.1948
129	41.8680	1.1953
130	41.9000	1.1955
131	41.9310	1.1961
132	41.9630	1.1966
133	41.9940	1.1970
134	42.0250	1.1974
135	42.0560	1.1981
136	42.0860	1.1985
137	42.1170	1.1989
138	42.1470	1.1991
139	42.1770	1.1998
140	42.2070	1.2002
141	42.2370	1.2006
142	42.2660	1.2011
143	42.2960	1.2015
144	42.3250	1.2017
145	42.3540	1.2021
146	42.3830	1.2026
147	42.4120	1.2032
148	42.4400	1.2034
149	42.4680	1.2036
150	42.4960	1.2045
151	42.5250	1.2049
152	42.5520	1.2054
153	42.5800	1.2056
154	42.6080	1.2060
155	42.6350	1.2069
156	42.6620	1.2073
157	42.6890	1.2075
158	42.7160	1.2077
159	42.7430	1.2086
160	42.7690	1.2088
161	42.7960	1.2092
162	42.8220	1.2094
163	42.8480	1.2103
164	42.8740	1.2107
165	42.9000	1.2109
166	42.9250	1.2116
167	42.9510	1.2120
168	42.9760	1.2122
169	43.0010	1.2129
170	43.0260	1.2131
171	43.0510	1.2135
172	43.0760	1.2142
173	43.1010	1.2144
174	43.1250	1.2150
175	43.1500	1.2152
176	43.1740	1.2157
177	43.1980	1.2163
178	43.2220	1.2165
179	43.2460	1.2174
180	43.2690	1.2174
181	43.2930	1.2180
182	43.3160	1.2185
183	43.3390	1.2189
184	43.3620	1.2191
185	43.3850	1.2200
186	43.4080	1.2200
187	43.4310	1.2206
188	43.4540	1.2208
189	43.4760	1.2215
190	43.4980	1.2217
191	43.5210	1.2223
192	43.5430	1.2225
193	43.5650	1.2232
194	43.5860	1.2234
195	43.6080	1.2238
196	43.6300	1.2240
197	43.6510	1.2247
198	43.6730	1.2253
199	43.6940	1.2253
200	43.7150	1.2262
201	43.7360	1.2262
202	43.7570	1.2266
203	43.7780	1.2273
204	43.7980	1.2275
205	43.8190	1.2281
206	43.8390	1.2285
207	43.8600	1.2288
208	43.8800	1.2294
209	43.9000	1.2298
210	43.9200	1.2300
211	43.9400	1.2307
212	43.9590	1.2311
213	43.9790	1.2313
214	43.9990	1.2318
215	44.0180	1.2322
216	44.0370	1.2324
217	44.0570	1.2328
218	44.0760	1.2335
219	44.0950	1.2337
220	44.1140	1.2341
221	44.1320	1.2345
222	44.1510	1.2348
223	44.1700	1.2352
224	44.1880	1.2358
225	44.2070	1.2363
226	44.2250	1.2365
227	44.2430	1.2369
228	44.2610	1.2373
229	44.2790	1.2380
230	44.2970	1.2380
231	44.3150	1.2386
232	44.3330	1.2391
233	44.3500	1.2393
234	44.3680	1.2395
235	44.3850	1.2399
236	44.4030	1.2406
237	44.4200	1.2408
238	44.4370	1.2414
239	44.4540	1.2414
240	44.4710	1.2418
241	44.4880	1.2425
242	44.5050	1.2429
243	44.5220	1.2433
244	44.5380	1.2433
245	44.5550	1.2438
246	44.5710	1.2444
247	44.5880	1.2446
248	44.6040	1.2451
249	44.6200	1.2453
250	44.6360	1.2457
251	44.6520	1.2461
252	44.6680	1.2466
253	44.6840	1.2470
254	44.7000	1.2474
255	44.7160	1.2472
256	44.7320	1.2479
257	44.7470	1.2483
258	44.7630	1.2487
259	44.7780	1.2491
260	44.7940	1.2496
261	44.8090	1.2500
262	44.8240	1.2498
263	44.8390	1.2504
264	44.8540	1.2509
265	44.8690	1.2511
266	44.8840	1.2515
267	44.8990	1.2519
268	44.9140	1.2526
269	44.9280	1.2530
270	44.9430	1.2528
271	44.9580	1.2534
272	44.9720	1.2536
273	44.9860	1.2541
274	45.0010	1.2545
275	45.0150	1.2549
276	45.0290	1.2554
277	45.0430	1.2556
278	45.0570	1.2560
279	45.0710	1.2560
280	45.0850	1.2564
281	45.0990	1.2567
282	45.1130	1.2571
283	45.1270	1.2575
284	45.1400	1.2579
285	45.1540	1.2584
286	45.1670	1.2586
287	45.1810	1.2590
288	45.1940	1.2594
289	45.2080	1.2599
290	45.2210	1.2601
291	45.2340	1.2601
292	45.2470	1.2603
293	45.2600	1.2607
294	45.2730	1.2612
295	45.2860	1.2616
296	45.2990	1.2618
297	45.3120	1.2622
298	45.3250	1.2627
299	45.3380	1.2629
300	45.3500	1.2633
301	45.3630	1.2635
302	45.3760	1.2642
303	45.3880	1.2644
304	45.4000	1.2646
305	45.4130	1.2650
306	45.4250	1.2652
307	45.4370	1.2652
308	45.4500	1.2655
309	45.4620	1.2659
310	45.4740	1.2663
311	45.4860	1.2665
312	45.4980	1.2670
313	45.5100	1.2674
314	45.5220	1.2676
315	45.5340	1.2680
316	45.5450	1.2682
317	45.5570	1.2687
318	45.5690	1.2689
319	45.5800	1.2693
320	45.5920	1.2695
321	45.6030	1.2697
322	45.6150	1.2702
323	45.6260	1.2706
324	45.6380	1.2708
325	45.6490	1.2712
326	45.6600	1.2715
327	45.6710	1.2719
328	45.6830	1.2721
329	45.6940	1.2723
330	45.7050	1.2727
331	45.7160	1.2730
332	45.7270	1.2734
333	45.7380	1.2736
334	45.7480	1.2740
335	45.7590	1.2742
336	45.7700	1.2747
337	45.7810	1.2749
338	45.7920	1.2753
339	45.8020	1.2755
340	45.8130	1.2758
341	45.8230	1.2755
342	45.8340	1.2760
343	45.8440	1.2762
344	45.8550	1.2764
345	45.8650	1.2768
346	45.8750	1.2770
347	45.8860	1.2773
348	45.8960	1.2777
349	45.9060	1.2779
350	45.9160	1.2781
351	45.9260	1.2783
352	45.9360	1.2788
353	45.9460	1.2792
354	45.9560	1.2792
355	45.9660	1.2796
356	45.9760	1.2798
357	45.9860	1.2800
358	45.9960	1.2803
359	46.0060	1.2807
360	46.0160	1.2809
361	46.0250	1.2811
362	46.0350	1.2820
363	46.0440	1.2822
364	46.0540	1.2824
365	46.0640	1.2826
366	46.0730	1.2830
367	46.0830	1.2833
368	46.0920	1.2835
369	46.1020	1.2839
370	46.1110	1.2841
371	46.1200	1.2843
372	46.1300	1.2843
373	46.1390	1.2848
374	46.1480	1.2850
375	46.1570	1.2854
376	46.1660	1.2856
377	46.1750	1.2858
378	46.1840	1.2861
379	46.1940	1.2865
380	46.2020	1.2865
381	46.2120	1.2869
382	46.2200	1.2869
383	46.2290	1.2873
384	46.2380	1.2876
385	46.2470	1.2878
386	46.2560	1.2880
387	46.2650	1.2882
388	46.2730	1.2886
389	46.2820	1.2888
390	46.2910	1.2891
391	46.2990	1.2893
392	46.3080	1.2897
393	46.3170	1.2899
394	46.3250	1.2901
395	46.3340	1.2903
396	46.3420	1.2906
397	46.3510	1.2908
398	46.3590	1.2910
399	46.3670	1.2912
400	46.3760	1.2914
401	46.3840	1.2916
402	46.3920	1.2925
403	46.4010	1.2925
404	46.4090	1.2927
405	46.4170	1.2931
406	46.4250	1.2933
407	46.4340	1.2933
408	46.4420	1.2938
409	46.4500	1.2940
410	46.4580	1.2942
411	46.4660	1.2944
412	46.4740	1.2944
413	46.4820	1.2948
414	46.4900	1.2951
415	46.4980	1.2953
416	46.5060	1.2955
417	46.5140	1.2957
418	46.5220	1.2959
419	46.5290	1.2961
420	46.5370	1.2964
421	46.5450	1.2966
422	46.5530	1.2968
423	46.5600	1.2970
424	46.5680	1.2972
425	46.5760	1.2979
426	46.5830	1.2981
427	46.5910	1.2983
428	46.5990	1.2985
429	46.6060	1.2987
430	46.6140	1.2989
431	46.6210	1.2991
432	46.6290	1.2994
433	46.6360	1.2996
434	46.6440	1.2998
435	46.6510	1.3000
436	46.6590	1.3002
437	46.6660	1.3004
438	46.6730	1.3006
439	46.6810	1.3009
440	46.6880	1.3009
441	46.6950	1.3013
442	46.7030	1.3015
443	46.7100	1.3021
444	46.7170	1.3021
445	46.7240	1.3026
446	46.7310	1.3028
447	46.7390	1.3028
448	46.7460	1.3032
449	46.7530	1.3034
450	46.7600	1.3034
451	46.7670	1.3039
452	46.7740	1.3039
453	46.7810	1.3041
454	46.7880	1.3043
455	46.7950	1.3045
456	46.8020	1.3047
457	46.8090	1.3047
458	46.8160	1.3052
459	46.8230	1.3056
460	46.8300	1.3060
461	46.8370	1.3062
462	46.8440	1.3062
463	46.8500	1.3064
464	46.8570	1.3067
465	46.8640	1.3069
466	46.8710	1.3071
467	46.8780	1.3071
468	46.8840	1.3073
469	46.8910	1.3077
470	46.8980	1.3079
471	46.9040	1.3079
472	46.9110	1.3082
473	46.9180	1.3088
474	46.9240	1.3090
475	46.9310	1.3092
476	46.9370	1.3092
477	46.9440	1.3094
478	46.9500	1.3097
479	46.9570	1.3099
480	46.9640	1.3101
481	46.9700	1.3103
482	46.9770	1.3105
483	46.9830	1.3107
484	46.9900	1.3109
485	46.9960	1.3112
486	47.0020	1.3118
487	47.0090	1.3118
488	47.0150	1.3120
489	47.0220	1.3122
490	47.0280	1.3124
491	47.0340	1.3124
492	47.0400	1.3127
493	47.0470	1.3129
494	47.0530	1.3131
495	47.0590	1.3131
496	47.0660	1.3135
497	47.0720	1.3137
498	47.0780	1.3137
499	47.0840	1.3144
500	47.0900	1.3144
501	47.0970	1.3148
502	47.1030	1.3150
503	47.1090	1.3150
504	47.1150	1.3152
505	47.1210	1.3155
506	47.1270	1.3157
507	47.1340	1.3157
508	47.1400	1.3161
509	47.1460	1.3161
510	47.1520	1.3163
511	47.1580	1.3170
512	47.1640	1.3172
513	47.1700	1.3174
514	47.1760	1.3174
515	47.1820	1.3176
516	47.1880	1.3178
517	47.1940	1.3178
518	47.2000	1.3182
519	47.2060	1.3182
520	47.2110	1.3185
521	47.2170	1.3187
522	47.2230	1.3189
523	47.2290	1.3193
524	47.2350	1.3195
525	47.2410	1.3197
526	47.2470	1.3200
527	47.2520	1.3200
528	47.2580	1.3202
529	47.2640	1.3202
530	47.2700	1.3206
531	47.2760	1.3208
532	47.2810	1.3208
533	47.2870	1.3210
534	47.2930	1.3217
535	47.2980	1.3217
536	47.3040	1.3219
537	47.3100	1.3221
538	47.3160	1.3223
539	47.3210	1.3225
540	47.3270	1.3227
541	47.3330	1.3227
542	47.3380	1.3230
543	47.3440	1.3232
544	47.3490	1.3238
545	47.3550	1.3240
546	47.3610	1.3240
547	47.3660	1.3242
548	47.3720	1.3242
549	47.3770	1.3245
550	47.3830	1.3247
551	47.3880	1.3247
552	47.3940	1.3249
553	47.4000	1.3251
554	47.4050	1.3253
555	47.4100	1.3260
556	47.4160	1.3262
557	47.4220	1.3264
558	47.4270	1.3262
559	47.4320	1.3264
560	47.4380	1.3266
561	47.4430	1.3268
562	47.4490	1.3270
563	47.4540	1.3270
564	47.4600	1.3273
565	47.4650	1.3279
566	47.4700	1.3281
567	47.4760	1.3281
568	47.4810	1.3283
569	47.4860	1.3285
570	47.4920	1.3285
571	47.4970	1.3288
572	47.5020	1.3290
573	47.5080	1.3290
574	47.5130	1.3292
575	47.5180	1.3298
576	47.5240	1.3298
577	47.5290	1.3300
578	47.5340	1.3303
579	47.5390	1.3305
580	47.5450	1.3307
581	47.5500	1.3307
582	47.5550	1.3309
583	47.5600	1.3311
584	47.5660	1.3315
585	47.5710	1.3318
586	47.5760	1.3320
587	47.5810	1.3322
588	47.5860	1.3322
589	47.5920	1.3324
590	47.5970	1.3324
591	47.6020	1.3326
592	47.6070	1.3328
593	47.6120	1.3335
594	47.6170	1.3335
595	47.6220	1.3337
596	47.6270	1.3337
597	47.6320	1.3341
598	47.6380	1.3341
599	47.6430	1.3343
600	47.6480	1.3343
601	47.6530	1.3345
602	47.6580	1.3348
603	47.6630	1.3352
604	47.6680	1.3356
605	47.6730	1.3356
606	47.6780	1.3356
607	47.6830	1.3361
608	47.6880	1.3361
609	47.6930	1.3361
610	47.6980	1.3365
611	47.7030	1.3365
612	47.7080	1.3369
613	47.7130	1.3373
614	47.7180	1.3373
615	47.7230	1.3373
616	47.7280	1.3378
617	47.7330	1.3378
618	47.7380	1.3380
619	47.7430	1.3380
620	47.7480	1.3386
621	47.7530	1.3388
622	47.7580	1.3388
623	47.7620	1.3391
624	47.7670	1.3393
625	47.7720	1.3393
626	47.7770	1.3395
627	47.7820	1.3395
628	47.7870	1.3397
629	47.7920	1.3403
630	47.7960	1.3406
631	47.8010	1.3406
632	47.8060	1.3408
633	47.8110	1.3408
634	47.8160	1.3412
635	47.8210	1.3412
636	47.8260	1.3414
637	47.8300	1.3418
638	47.8350	1.3421
639	47.8400	1.3421
640	47.8450	1.3423
641	47.8490	1.3425
642	47.8540	1.3425
643	47.8590	1.3429
644	47.8640	1.3429
645	47.8680	1.3431
646	47.8730	1.3436
647	47.8780	1.3438
648	47.8830	1.3440
649	47.8870	1.3440
650	47.8920	1.3442
651	47.8970	1.3442
652	47.9020	1.3444
653	47.9060	1.3446
654	47.9110	1.3451
655	47.9160	1.3453
656	47.9200	1.3455
657	47.9250	1.3455
658	47.9300	1.3457
659	47.9340	1.3459
660	47.9390	1.3459
661	47.9440	1.3461
662	47.9480	1.3468
663	47.9530	1.3468
664	47.9570	1.3470
665	47.9620	1.3472
666	47.9670	1.3472
667	47.9710	1.3474
668	47.9760	1.3474
669	47.9800	1.3474
670	47.9850	1.3481
671	47.9900	1.3483
672	47.9940	1.3485
673	47.9990	1.3485
674	48.0030	1.3487
675	48.0080	1.3489
676	48.0120	1.3489
677	48.0170	1.3489
678	48.0220	1.3496
679	48.0260	1.3498
680	48.0310	1.3500
681	48.0350	1.3502
682	48.0400	1.3502
683	48.0440	1.3502
684	48.0490	1.3504
685	48.0530	1.3506
686	48.0580	1.3513
687	48.0620	1.3513
688	48.0670	1.3513
689	48.0710	1.3515
690	48.0760	1.3517
691	48.0800	1.3519
692	48.0840	1.3519
693	48.0890	1.3519
694	48.0930	1.3526
695	48.0980	1.3528
696	48.1020	1.3528
697	48.1070	1.3530
698	48.1110	1.3532
699	48.1150	1.3534
700	48.1200	1.3534
701	48.1240	1.3536
702	48.1290	1.3543
703	48.1330	1.3541
704	48.1370	1.3543
705	48.1420	1.3545
706	48.1460	1.3545
707	48.1500	1.3547
708	48.1550	1.3549
709	48.1590	1.3554
710	48.1640	1.3556
711	48.1680	1.3558
712	48.1720	1.3558
713	48.1770	1.3560
714	48.1810	1.3562
715	48.1850	1.3562
716	48.1900	1.3564
717	48.1940	1.3571
718	48.1980	1.3571
719	48.2020	1.3573
720	48.2070	1.3573
721	48.2110	1.3575
722	48.2150	1.3575
723	48.2200	1.3577
724	48.2240	1.3579
725	48.2280	1.3584
726	48.2320	1.3586
727	48.2370	1.3586
728	48.2410	1.3588
729	48.2450	1.3588
730	48.2490	1.3590
731	48.2540	1.3590
732	48.2580	1.3597
733	48.2620	1.3597
734	48.2660	1.3599
735	48.2700	1.3599
736	48.2750	1.3603
737	48.2790	1.3603
738	48.2830	1.3605
739	48.2870	1.3609
740	48.2920	1.3612
741	48.2960	1.3612
742	48.3000	1.3614
743	48.3040	1.3614
744	48.3080	1.3616
745	48.3120	1.3618
746	48.3160	1.3618
747	48.3210	1.3624
748	48.3250	1.3624
749	48.3290	1.3627
750	48.3330	1.3627
751	48.3370	1.3629
752	48.3410	1.3631
753	48.3450	1.3631
754	48.3490	1.3637
755	48.3540	1.3637
756	48.3580	1.3639
757	48.3620	1.3642
758	48.3660	1.3642
759	48.3700	1.3644
760	48.3740	1.3644
761	48.3780	1.3644
762	48.3820	1.3652
763	48.3860	1.3652
764	48.3900	1.3652
765	48.3940	1.3655
766	48.3980	1.3657
767	48.4020	1.3657
768	48.4060	1.3659
769	48.4100	1.3663
770	48.4140	1.3665
771	48.4180	1.3667
772	48.4220	1.3667
773	48.4260	1.3667
774	48.4300	1.3670
775	48.4340	1.3672
776	48.4380	1.3676
777	48.4420	1.3678
778	48.4460	1.3680
779	48.4500	1.3680
780	48.4540	1.3682
781	48.4580	1.3682
782	48.4620	1.3682
783	48.4660	1.3691
784	48.4700	1.3691
785	48.4740	1.3691
786	48.4780	1.3693
787	48.4820	1.3695
788	48.4860	1.3695
789	48.4900	1.3697
790	48.4940	1.3697
791	48.4970	1.3702
792	48.5010	1.3704
793	48.5050	1.3706
794	48.5090	1.3708
795	48.5130	1.3708
796	48.5170	1.3708
797	48.5210	1.3710
798	48.5250	1.3715
799	48.5280	1.3719
800	48.5320	1.3719
801	48.5360	1.3719
802	48.5400	1.3721
803	48.5440	1.3721
804	48.5480	1.3723
805	48.5520	1.3727
806	48.5550	1.3730
807	48.5590	1.3730
808	48.5630	1.3730
809	48.5670	1.3732
810	48.5710	1.3734
811	48.5740	1.3736
812	48.5780	1.3740
813	48.5820	1.3742
814	48.5860	1.3742
815	48.5900	1.3745
816	48.5930	1.3745
817	48.5970	1.3747
818	48.6010	1.3747
819	48.6040	1.3753
820	48.6080	1.3753
821	48.6120	1.3755
822	48.6160	1.3755
823	48.6200	1.3758
824	48.6230	1.3758
825	48.6270	1.3760
826	48.6310	1.3766
827	48.6340	1.3766
828	48.6380	1.3768
829	48.6420	1.3768
830	48.6460	1.3770
831	48.6490	1.3770
832	48.6530	1.3773
833	48.6570	1.3773
834	48.6600	1.3779
835	48.6640	1.3781
836	48.6680	1.3779
837	48.6710	1.3781
838	48.6750	1.3781
839	48.6780	1.3783
840	48.6820	1.3785
841	48.6860	1.3790
842	48.6900	1.3792
843	48.6930	1.3794
844	48.6970	1.3794
845	48.7000	1.3794
846	48.7040	1.3794
847	48.7080	1.3796
848	48.7110	1.3803
849	48.7150	1.3803
850	48.7180	1.3805
851	48.7220	1.3807
852	48.7260	1.3805
853	48.7290	1.3807
854	48.7330	1.3809
855	48.7360	1.3813
856	48.7400	1.3815
857	48.7430	1.3818
858	48.7470	1.3818
859	48.7500	1.3818
860	48.7540	1.3820
861	48.7580	1.3822
862	48.7610	1.3826
863	48.7650	1.3826
864	48.7680	1.3828
865	48.7720	1.3830
866	48.7750	1.3830
867	48.7790	1.3830
868	48.7820	1.3833
869	48.7860	1.3839
870	48.7890	1.3839
871	48.7930	1.3839
872	48.7960	1.3841
873	48.8000	1.3843
874	48.8030	1.3843
875	48.8070	1.3843
876	48.8100	1.3850
877	48.8140	1.3852
878	48.8170	1.3852
879	48.8200	1.3852
880	48.8240	1.3854
881	48.8270	1.3856
882	48.8310	1.3856
883	48.8340	1.3863
884	48.8380	1.3863
885	48.8410	1.3863
886	48.8440	1.3865
887	48.8480	1.3865
888	48.8510	1.3867
889	48.8550	1.3869
890	48.8580	1.3867
891	48.8610	1.3873
892	48.8650	1.3876
893	48.8680	1.3876
894	48.8720	1.3878
895	48.8750	1.3880
896	48.8780	1.3880
897	48.8820	1.3880
898	48.8850	1.3884
899	48.8880	1.3886
900	48.8920	1.3888
901	48.8950	1.3888
902	48.8980	1.3891
903	48.9020	1.3891
904	48.9050	1.3893
905	48.9080	1.3897
906	48.9120	1.3899
907	48.9150	1.3899
908	48.9180	1.3901
909	48.9220	1.3899
910	48.9250	1.3901
911	48.9280	1.3903
912	48.9310	1.3908
913	48.9350	1.3910
914	48.9380	1.3910
915	48.9410	1.3912
916	48.9440	1.3912
917	48.9480	1.3914
918	48.9510	1.3914
919	48.9540	1.3921
920	48.9580	1.3921
921	48.9610	1.3923
922	48.9640	1.3923
923	48.9670	1.3925
924	48.9700	1.3925
925	48.9740	1.3925
926	48.9770	1.3927
927	48.9800	1.3931
928	48.9830	1.3933
929	48.9870	1.3933
930	48.9900	1.3936
931	48.9930	1.3936
932	48.9960	1.3938
933	48.9990	1.3938
934	49.0020	1.3942
935	49.0060	1.3944
936	49.0090	1.3944
937	49.0120	1.3946
938	49.0150	1.3948
939	49.0180	1.3948
940	49.0220	1.3951
941	49.0250	1.3955
942	49.0280	1.3957
943	49.0310	1.3957
944	49.0340	1.3957
945	49.0370	1.3959
946	49.0400	1.3959
947	49.0440	1.3959
948	49.0470	1.3968
949	49.0500	1.3968
950	49.0530	1.3968
951	49.0560	1.3970
952	49.0590	1.3970
953	49.0620	1.3970
954	49.0650	1.3972
955	49.0680	1.3972
956	49.0710	1.3979
957	49.0740	1.3981
958	49.0780	1.3981
959	49.0810	1.3981
960	49.0840	1.3981
961	49.0870	1.3983
962	49.0900	1.3983
963	49.0930	1.3989
964	49.0960	1.3989
965	49.0990	1.3991
966	49.1020	1.3991
967	49.1050	1.3991
968	49.1080	1.3991
969	49.1110	1.3996
970	49.1140	1.3996
971	49.1170	1.4000
972	49.1200	1.4000
973	49.1230	1.4004
974	49.1260	1.4004
975	49.1290	1.4004
976	49.1320	1.4004
977	49.1350	1.4004
978	49.1380	1.4013
979	49.1410	1.4013
980	49.1440	1.4013
981	49.1470	1.4013
982	49.1500	1.4015
983	49.1530	1.4017
984	49.1560	1.4017
985	49.1590	1.4021
986	49.1620	1.4024
987	49.1650	1.4024
988	49.1680	1.4024
989	49.1700	1.4028
990	49.1740	1.4028
991	49.1760	1.4028
992	49.1790	1.4028
993	49.1820	1.4034
994	49.1850	1.4034
995	49.1880	1.4034
996	49.1910	1.4036
997	49.1940	1.4039
998	49.1970	1.4039
999	49.2000	1.4041
1000	49.2020	1.4045
1001	49.2050	1.4045
1002	49.2080	1.4047
1003	49.2110	1.4047
1004	49.2140	1.4047
1005	49.2170	1.4049
1006	49.2200	1.4049
1007	49.2230	1.4049
1008	49.2260	1.4058
1009	49.2280	1.4058
1010	49.2310	1.4058
1011	49.2340	1.4060
1012	49.2370	1.4060
1013	49.2400	1.4060
1014	49.2420	1.4062
1015	49.2450	1.4067
1016	49.2480	1.4069
1017	49.2510	1.4069
1018	49.2540	1.4069
1019	49.2570	1.4071
1020	49.2590	1.4071
1021	49.2620	1.4073
1022	49.2650	1.4073
1023	49.2680	1.4077
1024	49.2710	1.4079
1025	49.2730	1.4079
1026	49.2760	1.4082
1027	49.2790	1.4082
1028	49.2820	1.4082
1029	49.2840	1.4084
1030	49.2870	1.4084
1031	49.2900	1.4090
1032	49.2930	1.4090
1033	49.2960	1.4092
1034	49.2980	1.4092
1035	49.3010	1.4094
1036	49.3040	1.4094
1037	49.3070	1.4094
1038	49.3090	1.4101
1039	49.3120	1.4099
1040	49.3150	1.4101
1041	49.3180	1.4101
1042	49.3200	1.4103
1043	49.3230	1.4103
1044	49.3260	1.4105
1045	49.3280	1.4105
1046	49.3310	1.4112
1047	49.3340	1.4112
1048	49.3360	1.4114
1049	49.3390	1.4114
1050	49.3420	1.4116
1051	49.3450	1.4114
1052	49.3470	1.4116
1053	49.3500	1.4116
1054	49.3530	1.4122
1055	49.3550	1.4122
1056	49.3580	1.4124
1057	49.3610	1.4124
1058	49.3630	1.4127
1059	49.3660	1.4124
1060	49.3690	1.4127
1061	49.3710	1.4133
1062	49.3740	1.4133
1063	49.3760	1.4135
1064	49.3790	1.4135
1065	49.3820	1.4135
1066	49.3840	1.4135
1067	49.3870	1.4137
1068	49.3900	1.4137
1069	49.3920	1.4144
1070	49.3950	1.4146
1071	49.3980	1.4144
1072	49.4000	1.4146
1073	49.4030	1.4146
1074	49.4050	1.4148
1075	49.4080	1.4146
1076	49.4110	1.4148
1077	49.4130	1.4155
1078	49.4160	1.4155
1079	49.4180	1.4157
1080	49.4210	1.4159
1081	49.4240	1.4157
1082	49.4260	1.4159
1083	49.4290	1.4159
1084	49.4310	1.4159
1085	49.4340	1.4165
1086	49.4360	1.4165
1087	49.4390	1.4167
1088	49.4420	1.4170
1089	49.4440	1.4167
1090	49.4470	1.4170
1091	49.4490	1.4170
1092	49.4520	1.4170
1093	49.4540	1.4176
1094	49.4570	1.4176
1095	49.4590	1.4178
1096	49.4620	1.4178
1097	49.4640	1.4178
1098	49.4670	1.4180
1099	49.4690	1.4180
1100	49.4720	1.4180
1101	49.4740	1.4187
1102	49.4770	1.4189
1103	49.4800	1.4187
1104	49.4820	1.4189
1105	49.4840	1.4191
1106	49.4870	1.4189
1107	49.4900	1.4191
1108	49.4920	1.4193
1109	49.4940	1.4197
1110	49.4970	1.4197
1111	49.4990	1.4200
1112	49.5020	1.4200
1113	49.5040	1.4200
1114	49.5070	1.4202
1115	49.5090	1.4202
1116	49.5120	1.4202
1117	49.5140	1.4208
1118	49.5170	1.4208
1119	49.5190	1.4210
1120	49.5220	1.4210
1121	49.5240	1.4210
1122	49.5260	1.4212
1123	49.5290	1.4212
1124	49.5310	1.4212
1125	49.5340	1.4219
1126	49.5360	1.4219
1127	49.5390	1.4221
1128	49.5410	1.4221
1129	49.5440	1.4221
1130	49.5460	1.4223
1131	49.5480	1.4223
1132	49.5510	1.4223
1133	49.5530	1.4230
1134	49.5560	1.4230
1135	49.5580	1.4232
1136	49.5600	1.4230
1137	49.5630	1.4232
1138	49.5650	1.4232
1139	49.5680	1.4234
1140	49.5700	1.4236
1141	49.5720	1.4240
1142	49.5750	1.4240
1143	49.5770	1.4240
1144	49.5800	1.4242
1145	49.5820	1.4242
1146	49.5840	1.4242
1147	49.5870	1.4242
1148	49.5890	1.4245
1149	49.5910	1.4251
1150	49.5940	1.4251
1151	49.5960	1.4251
1152	49.5980	1.4251
1153	49.6010	1.4253
1154	49.6030	1.4253
1155	49.6050	1.4255
1156	49.6080	1.4255
1157	49.6100	1.4255
1158	49.6120	1.4260
1159	49.6150	1.4262
1160	49.6170	1.4262
1161	49.6200	1.4264
1162	49.6220	1.4264
1163	49.6240	1.4266
1164	49.6260	1.4264
1165	49.6290	1.4266
1166	49.6310	1.4270
1167	49.6330	1.4273
1168	49.6360	1.4273
1169	49.6380	1.4275
1170	49.6400	1.4275
1171	49.6430	1.4275
1172	49.6450	1.4275
1173	49.6470	1.4277
1174	49.6500	1.4281
1175	49.6520	1.4281
1176	49.6540	1.4283
1177	49.6560	1.4283
1178	49.6590	1.4285
1179	49.6610	1.4283
1180	49.6630	1.4285
1181	49.6650	1.4285
1182	49.6680	1.4292
1183	49.6700	1.4292
1184	49.6720	1.4292
1185	49.6740	1.4294
1186	49.6770	1.4294
1187	49.6790	1.4296
1188	49.6810	1.4296
1189	49.6840	1.4298
1190	49.6860	1.4296
1191	49.6880	1.4305
1192	49.6900	1.4303
1193	49.6920	1.4303
1194	49.6950	1.4305
1195	49.6970	1.4305
1196	49.6990	1.4305
1197	49.7010	1.4307
1198	49.7040	1.4307
1199	49.7060	1.4313
1200	49.7080	1.4313
1201	49.7100	1.4313
1202	49.7120	1.4315
1203	49.7150	1.4315
1204	49.7170	1.4315
1205	49.7190	1.4318
1206	49.7210	1.4318
1207	49.7240	1.4320
1208	49.7260	1.4324
1209	49.7280	1.4324
1210	49.7300	1.4326
1211	49.7320	1.4324
1212	49.7340	1.4324
1213	49.7370	1.4326
1214	49.7390	1.4326
1215	49.7410	1.4326
1216	49.7430	1.4333
1217	49.7450	1.4333
1218	49.7480	1.4335
1219	49.7500	1.4335
1220	49.7520	1.4335
1221	49.7540	1.4337
1222	49.7560	1.4337
1223	49.7580	1.4337
1224	49.7610	1.4337
1225	49.7630	1.4343
1226	49.7650	1.4343
1227	49.7670	1.4345
1228	49.7690	1.4345
1229	49.7710	1.4345
1230	49.7740	1.4345
1231	49.7760	1.4348
1232	49.7780	1.4348
1233	49.7800	1.4348
1234	49.7820	1.4356
1235	49.7840	1.4356
1236	49.7860	1.4356
1237	49.7880	1.4358
1238	49.7910	1.4358
1239	49.7930	1.4358
1240	49.7950	1.4358
1241	49.7970	1.4361
1242	49.7990	1.4365
1243	49.8010	1.4365
1244	49.8030	1.4365
1245	49.8050	1.4367
1246	49.8080	1.4367
1247	49.8100	1.4367
1248	49.8120	1.4367
1249	49.8140	1.4369
1250	49.8160	1.4369
1251	49.8180	1.4373
1252	49.8200	1.4376
1253	49.8220	1.4376
1254	49.8240	1.4376
1255	49.8260	1.4378
1256	49.8280	1.4380
1257	49.8300	1.4380
1258	49.8330	1.4380
1259	49.8350	1.4380
1260	49.8370	1.4386
1261	49.8390	1.4386
1262	49.8410	1.4386
1263	49.8430	1.4386
1264	49.8450	1.4386
1265	49.8470	1.4388
1266	49.8490	1.4388
1267	49.8510	1.4391
1268	49.8530	1.4391
1269	49.8550	1.4397
1270	49.8570	1.4397
1271	49.8600	1.4397
1272	49.8620	1.4397
1273	49.8640	1.4397
1274	49.8660	1.4397
1275	49.8680	1.4399
1276	49.8700	1.4399
1277	49.8720	1.4401
1278	49.8740	1.4406
1279	49.8760	1.4408
1280	49.8780	1.4408
1281	49.8800	1.4408
1282	49.8820	1.4408
1283	49.8840	1.4408
1284	49.8860	1.4408
1285	49.8880	1.4410
1286	49.8900	1.4412
1287	49.8920	1.4416
1288	49.8940	1.4416
1289	49.8960	1.4416
1290	49.8980	1.4416
1291	49.9000	1.4416
1292	49.9020	1.4421
1293	49.9040	1.4421
1294	49.9060	1.4421
1295	49.9080	1.4421
1296	49.9100	1.4425
1297	49.9120	1.4425
1298	49.9140	1.4429
1299	49.9160	1.4429
1300	49.9180	1.4429
1301	49.9200	1.4429
1302	49.9220	1.4429
1303	49.9240	1.4429
1304	49.9260	1.4429
1305	49.9280	1.4436
1306	49.9300	1.4438
1307	49.9320	1.4438
1308	49.9340	1.4438
1309	49.9360	1.4440
1310	49.9380	1.4440
1311	49.9400	1.4440
1312	49.9420	1.4440
1313	49.9440	1.4440
1314	49.9460	1.4448
1315	49.9480	1.4448
1316	49.9490	1.4448
1317	49.9510	1.4448
1318	49.9530	1.4448
1319	49.9550	1.4448
1320	49.9570	1.4451
1321	49.9590	1.4451
1322	49.9610	1.4451
1323	49.9630	1.4455
1324	49.9650	1.4459
1325	49.9670	1.4459
1326	49.9690	1.4459
1327	49.9710	1.4459
1328	49.9730	1.4459
1329	49.9750	1.4461
1330	49.9760	1.4461
1331	49.9780	1.4461
1332	49.9800	1.4466
1333	49.9820	1.4468
1334	49.9840	1.4468
1335	49.9860	1.4468
1336	49.9880	1.4468
1337	49.9900	1.4468
1338	49.9920	1.4470
1339	49.9940	1.4470
1340	49.9960	1.4470
1341	49.9980	1.4476
1342	50.0000	1.4479
1343	50.0010	1.4479
1344	50.0030	1.4479
1345	50.0050	1.4479
1346	50.0070	1.4481
1347	50.0090	1.4481
1348	50.0110	1.4481
1349	50.0130	1.4481
1350	50.0150	1.4483
1351	50.0160	1.4487
1352	50.0180	1.4487
1353	50.0200	1.4489
1354	50.0220	1.4489
1355	50.0240	1.4489
1356	50.0260	1.4489
1357	50.0280	1.4491
1358	50.0300	1.4491
1359	50.0310	1.4491
1360	50.0330	1.4496
1361	50.0350	1.4498
1362	50.0370	1.4498
1363	50.0390	1.4498
1364	50.0410	1.4500
1365	50.0430	1.4500
1366	50.0440	1.4500
1367	50.0460	1.4500
1368	50.0480	1.4502
1369	50.0500	1.4506
1370	50.0520	1.4506
1371	50.0540	1.4509
1372	50.0560	1.4509
1373	50.0570	1.4509
1374	50.0590	1.4511
1375	50.0610	1.4511
1376	50.0630	1.4511
1377	50.0650	1.4511
1378	50.0660	1.4513
1379	50.0680	1.4517
1380	50.0700	1.4517
1381	50.0720	1.4519
1382	50.0740	1.4519
1383	50.0760	1.4519
1384	50.0770	1.4519
1385	50.0790	1.4519
1386	50.0810	1.4519
1387	50.0830	1.4521
1388	50.0850	1.4526
1389	50.0860	1.4526
1390	50.0880	1.4528
1391	50.0900	1.4528
1392	50.0920	1.4528
1393	50.0940	1.4530
1394	50.0950	1.4530
1395	50.0970	1.4530
1396	50.0990	1.4532
1397	50.1010	1.4532
1398	50.1030	1.4539
1399	50.1040	1.4539
1400	50.1060	1.4539
1401	50.1080	1.4539
1402	50.1100	1.4539
1403	50.1120	1.4539
1404	50.1130	1.4541
1405	50.1150	1.4541
1406	50.1170	1.4541
1407	50.1190	1.4543
1408	50.1200	1.4547
1409	50.1220	1.4549
1410	50.1240	1.4549
1411	50.1260	1.4549
1412	50.1270	1.4549
1413	50.1290	1.4549
1414	50.1310	1.4549
1415	50.1330	1.4552
1416	50.1340	1.4552
1417	50.1360	1.4558
1418	50.1380	1.4558
1419	50.1400	1.4558
1420	50.1420	1.4560
1421	50.1430	1.4558
1422	50.1450	1.4558
1423	50.1470	1.4560
1424	50.1480	1.4560
1425	50.1500	1.4560
1426	50.1520	1.4562
1427	50.1540	1.4567
1428	50.1550	1.4569
1429	50.1570	1.4567
1430	50.1590	1.4569
1431	50.1610	1.4569
1432	50.1620	1.4569
1433	50.1640	1.4571
1434	50.1660	1.4571
1435	50.1670	1.4571
1436	50.1690	1.4571
1437	50.1710	1.4577
1438	50.1730	1.4577
1439	50.1740	1.4577
1440	50.1760	1.4579
1441	50.1780	1.4579
1442	50.1790	1.4579
1443	50.1810	1.4579
1444	50.1830	1.4579
1445	50.1840	1.4582
1446	50.1860	1.4582
1447	50.1880	1.4588
1448	50.1900	1.4586
1449	50.1910	1.4588
1450	50.1930	1.4588
1451	50.1950	1.4588
1452	50.1960	1.4590
1453	50.1980	1.4590
1454	50.2000	1.4590
1455	50.2020	1.4590
1456	50.2030	1.4597
1457	50.2050	1.4597
1458	50.2060	1.4599
1459	50.2080	1.4597
1460	50.2100	1.4597
1461	50.2120	1.4599
1462	50.2130	1.4599
1463	50.2150	1.4601
1464	50.2170	1.4599
1465	50.2180	1.4601
1466	50.2200	1.4605
1467	50.2220	1.4607
1468	50.2230	1.4607
1469	50.2250	1.4607
1470	50.2260	1.4607
1471	50.2280	1.4609
1472	50.2300	1.4609
1473	50.2320	1.4612
1474	50.2330	1.4609
1475	50.2350	1.4609
1476	50.2360	1.4616
1477	50.2380	1.4618
1478	50.2400	1.4618
1479	50.2410	1.4616
1480	50.2430	1.4618
1481	50.2450	1.4618
1482	50.2460	1.4618
1483	50.2480	1.4618
1484	50.2500	1.4620
1485	50.2510	1.4620
1486	50.2530	1.4622
1487	50.2540	1.4624
1488	50.2560	1.4627
1489	50.2580	1.4627
1490	50.2590	1.4629
1491	50.2610	1.4627
1492	50.2630	1.4629
1493	50.2640	1.4629
1494	50.2660	1.4631
1495	50.2680	1.4629
1496	50.2690	1.4631
1497	50.2710	1.4635
1498	50.2720	1.4637
1499	50.2740	1.4635
1500	50.2760	1.4637
1501	50.2770	1.4637
1502	50.2790	1.4639
1503	50.2800	1.4637
1504	50.2820	1.4639
1505	50.2840	1.4639
1506	50.2850	1.4639
1507	50.2870	1.4646
1508	50.2880	1.4646
1509	50.2900	1.4648
1510	50.2920	1.4646
1511	50.2930	1.4648
1512	50.2950	1.4648
1513	50.2960	1.4648
1514	50.2980	1.4648
1515	50.3000	1.4650
1516	50.3010	1.4650
1517	50.3030	1.4655
1518	50.3040	1.4655
1519	50.3060	1.4657
1520	50.3080	1.4659
1521	50.3090	1.4657
1522	50.3110	1.4659
1523	50.3120	1.4659
1524	50.3140	1.4659
1525	50.3150	1.4659
1526	50.3170	1.4661
1527	50.3180	1.4663
1528	50.3200	1.4665
1529	50.3220	1.4665
1530	50.3230	1.4665
1531	50.3250	1.4667
1532	50.3260	1.4667
1533	50.3280	1.4667
1534	50.3300	1.4667
1535	50.3310	1.4670
1536	50.3330	1.4667
1537	50.3340	1.4670
1538	50.3360	1.4676
1539	50.3370	1.4676
1540	50.3390	1.4676
1541	50.3400	1.4676
1542	50.3420	1.4678
1543	50.3440	1.4676
1544	50.3450	1.4678
1545	50.3470	1.4678
1546	50.3480	1.4678
1547	50.3500	1.4680
1548	50.3510	1.4685
1549	50.3530	1.4685
1550	50.3540	1.4685
1551	50.3560	1.4687
1552	50.3570	1.4687
1553	50.3590	1.4687
1554	50.3600	1.4689
1555	50.3620	1.4687
1556	50.3640	1.4689
1557	50.3650	1.4687
1558	50.3660	1.4689
1559	50.3680	1.4695
1560	50.3700	1.4695
1561	50.3710	1.4695
1562	50.3730	1.4697
1563	50.3740	1.4695
1564	50.3760	1.4697
1565	50.3770	1.4697
1566	50.3790	1.4697
1567	50.3800	1.4697
1568	50.3820	1.4697
1569	50.3830	1.4704
1570	50.3850	1.4704
1571	50.3860	1.4706
1572	50.3880	1.4706
1573	50.3890	1.4706
1574	50.3910	1.4706
1575	50.3920	1.4706
1576	50.3940	1.4708
1577	50.3950	1.4708
1578	50.3970	1.4708
1579	50.3980	1.4708
1580	50.4000	1.4715
1581	50.4010	1.4715
1582	50.4030	1.4715
1583	50.4040	1.4715
1584	50.4060	1.4717
1585	50.4070	1.4717
1586	50.4090	1.4717
1587	50.4100	1.4717
1588	50.4120	1.4717
1589	50.4130	1.4717
1590	50.4150	1.4723
1591	50.4160	1.4723
1592	50.4180	1.4723
1593	50.4190	1.4725
1594	50.4210	1.4725
1595	50.4220	1.4725
1596	50.4240	1.4727
1597	50.4250	1.4725
1598	50.4260	1.4727
1599	50.4280	1.4725
1600	50.4300	1.4727
1601	50.4310	1.4734
1602	50.4320	1.4732
1603	50.4340	1.4734
1604	50.4350	1.4734
1605	50.4370	1.4734
1606	50.4380	1.4736
1607	50.4400	1.4736
1608	50.4410	1.4736
1609	50.4430	1.4736
1610	50.4440	1.4736
1611	50.4460	1.4736
1612	50.4470	1.4742
1613	50.4480	1.4745
1614	50.4500	1.4742
1615	50.4510	1.4745
1616	50.4530	1.4745
1617	50.4540	1.4745
1618	50.4560	1.4745
1619	50.4570	1.4745
1620	50.4590	1.4747
1621	50.4600	1.4747
1622	50.4620	1.4747
1623	50.4630	1.4751
1624	50.4640	1.4753
1625	50.4660	1.4753
1626	50.4670	1.4753
1627	50.4690	1.4755
1628	50.4700	1.4755
1629	50.4720	1.4755
1630	50.4730	1.4755
1631	50.4750	1.4758
1632	50.4760	1.4755
1633	50.4770	1.4762
1634	50.4790	1.4762
1635	50.4800	1.4762
1636	50.4820	1.4762
1637	50.4830	1.4764
1638	50.4850	1.4764
1639	50.4860	1.4764
1640	50.4870	1.4766
1641	50.4890	1.4764
1642	50.4900	1.4766
1643	50.4920	1.4766
1644	50.4930	1.4773
1645	50.4940	1.4770
1646	50.4960	1.4773
1647	50.4970	1.4773
1648	50.4990	1.4773
1649	50.5000	1.4773
1650	50.5020	1.4775
1651	50.5030	1.4773
1652	50.5040	1.4775
1653	50.5060	1.4775
1654	50.5070	1.4775
1655	50.5090	1.4781
1656	50.5100	1.4781
1657	50.5120	1.4783
1658	50.5130	1.4781
1659	50.5140	1.4783
1660	50.5160	1.4783
1661	50.5170	1.4783
1662	50.5180	1.4783
1663	50.5200	1.4785
1664	50.5210	1.4785
1665	50.5230	1.4785
1666	50.5240	1.4790
1667	50.5260	1.4792
1668	50.5270	1.4790
1669	50.5280	1.4792
1670	50.5300	1.4792
1671	50.5310	1.4794
1672	50.5320	1.4792
1673	50.5340	1.4794
1674	50.5350	1.4794
1675	50.5370	1.4794
1676	50.5380	1.4794
1677	50.5400	1.4800
1678	50.5410	1.4800
1679	50.5420	1.4800
1680	50.5440	1.4800
1681	50.5450	1.4803
1682	50.5460	1.4800
1683	50.5480	1.4803
1684	50.5490	1.4803
1685	50.5500	1.4805
1686	50.5520	1.4803
1687	50.5530	1.4805
1688	50.5550	1.4805
1689	50.5560	1.4811
1690	50.5570	1.4809
1691	50.5590	1.4811
1692	50.5600	1.4811
1693	50.5620	1.4813
1694	50.5630	1.4811
1695	50.5640	1.4813
1696	50.5660	1.4813
1697	50.5670	1.4811
1698	50.5680	1.4813
1699	50.5700	1.4813
1700	50.5710	1.4820
1701	50.5720	1.4822
1702	50.5740	1.4820
1703	50.5750	1.4820
1704	50.5770	1.4822
1705	50.5780	1.4820
1706	50.5790	1.4822
1707	50.5810	1.4822
1708	50.5820	1.4824
1709	50.5830	1.4822
1710	50.5850	1.4824
1711	50.5860	1.4828
1712	50.5870	1.4830
1713	50.5890	1.4828
1714	50.5900	1.4828
1715	50.5920	1.4830
1716	50.5930	1.4830
1717	50.5940	1.4830
1718	50.5960	1.4830
1719	50.5970	1.4833
1720	50.5980	1.4833
1721	50.6000	1.4833
1722	50.6010	1.4837
1723	50.6020	1.4839
1724	50.6040	1.4839
1725	50.6050	1.4841
1726	50.6060	1.4839
1727	50.6080	1.4839
1728	50.6090	1.4841
1729	50.6100	1.4841
1730	50.6120	1.4841
1731	50.6130	1.4841
1732	50.6140	1.4843
1733	50.6160	1.4843
1734	50.6170	1.4848
1735	50.6180	1.4848
1736	50.6200	1.4848
1737	50.6210	1.4850
1738	50.6220	1.4850
1739	50.6240	1.4850
1740	50.6250	1.4850
1741	50.6260	1.4852
1742	50.6280	1.4852
1743	50.6290	1.4852
1744	50.6300	1.4852
1745	50.6320	1.4856
1746	50.6330	1.4858
1747	50.6340	1.4858
1748	50.6360	1.4858
1749	50.6370	1.4858
1750	50.6380	1.4861
1751	50.6400	1.4861
1752	50.6410	1.4858
1753	50.6420	1.4861
1754	50.6440	1.4861
1755	50.6450	1.4863
1756	50.6460	1.4867
1757	50.6480	1.4867
1758	50.6490	1.4867
1759	50.6500	1.4869
1760	50.6520	1.4869
1761	50.6530	1.4867
1762	50.6540	1.4869
1763	50.6560	1.4869
1764	50.6570	1.4871
1765	50.6580	1.4871
1766	50.6600	1.4869
1767	50.6610	1.4871
1768	50.6620	1.4876
1769	50.6630	1.4878
1770	50.6650	1.4878
1771	50.6660	1.4878
1772	50.6670	1.4878
1773	50.6690	1.4878
1774	50.6700	1.4880
1775	50.6710	1.4880
1776	50.6730	1.4880
1777	50.6740	1.4880
1778	50.6750	1.4880
1779	50.6760	1.4882
1780	50.6780	1.4886
1781	50.6790	1.4886
1782	50.6800	1.4886
1783	50.6820	1.4886
1784	50.6830	1.4888
1785	50.6840	1.4888
1786	50.6860	1.4888
1787	50.6870	1.4888
1788	50.6880	1.4888
1789	50.6900	1.4891
1790	50.6910	1.4891
1791	50.6920	1.4897
1792	50.6930	1.4895
1793	50.6950	1.4895
1794	50.6960	1.4897
1795	50.6970	1.4897
1796	50.6990	1.4897
1797	50.7000	1.4897
1798	50.7010	1.4897
1799	50.7020	1.4899
1800	50.7040	1.4899
1801	50.7050	1.4899
1802	50.7060	1.4899
1803	50.7080	1.4906
1804	50.7090	1.4906
1805	50.7100	1.4906
1806	50.7120	1.4908
1807	50.7130	1.4906
1808	50.7140	1.4906
1809	50.7150	1.4908
1810	50.7170	1.4908
1811	50.7180	1.4910
1812	50.7190	1.4908
1813	50.7200	1.4908
1814	50.7220	1.4910
1815	50.7230	1.4914
1816	50.7240	1.4916
1817	50.7260	1.4916
1818	50.7270	1.4914
1819	50.7280	1.4916
1820	50.7300	1.4916
1821	50.7310	1.4916
1822	50.7320	1.4918
1823	50.7330	1.4916
1824	50.7350	1.4916
1825	50.7360	1.4918
1826	50.7370	1.4918
1827	50.7380	1.4925
1828	50.7400	1.4925
1829	50.7410	1.4923
1830	50.7420	1.4925
1831	50.7440	1.4925
1832	50.7450	1.4927
1833	50.7460	1.4927
1834	50.7470	1.4927
1835	50.7490	1.4927
1836	50.7500	1.4927
1837	50.7510	1.4927
1838	50.7520	1.4933
1839	50.7540	1.4933
1840	50.7550	1.4936
1841	50.7560	1.4936
1842	50.7580	1.4933
1843	50.7590	1.4936
1844	50.7600	1.4936
1845	50.7610	1.4936
1846	50.7630	1.4938
1847	50.7640	1.4936
1848	50.7650	1.4936
1849	50.7660	1.4938
1850	50.7680	1.4942
1851	50.7690	1.4944
1852	50.7700	1.4944
1853	50.7710	1.4944
1854	50.7730	1.4944
1855	50.7740	1.4944
1856	50.7750	1.4944
