Day	P50	StdDev
0	34.4620	0.9850
1	34.5620	0.9800
2	34.6620	0.9743
3	34.7620	0.9692
4	34.8630	0.9635
5	34.9630	0.9578
6	35.0630	0.9523
7	35.1630	0.9468
8	35.2640	0.9408
9	35.3640	0.9353
10	35.4640	0.9297
11	35.5640	0.9238
12	35.6640	0.9178
13	35.7650	0.9118
14	35.8650	0.9060
15	35.9650	0.9058
16	36.0630	0.9058
17	36.1590	0.9057
18	36.2530	0.9055
19	36.3440	0.9055
20	36.4340	0.9055
21	36.5220	0.9055
22	36.6080	0.9053
23	36.6920	0.9053
24	36.7750	0.9053
25	36.8570	0.9055
26	36.9370	0.9055
27	37.0150	0.9053
28	37.0930	0.9055
29	37.1690	0.9053
30	37.2440	0.9055
31	37.3170	0.9055
32	37.3900	0.9055
33	37.4610	0.9057
34	37.5320	0.9058
35	37.6010	0.9060
36	37.6690	0.9058
37	37.7370	0.9060
38	37.8030	0.9062
39	37.8690	0.9063
40	37.9340	0.9063
41	37.9980	0.9063
42	38.0610	0.9067
43	38.1230	0.9067
44	38.1850	0.9067
45	38.2460	0.9070
46	38.3060	0.9072
47	38.3660	0.9072
48	38.4240	0.9073
49	38.4820	0.9075
50	38.5400	0.9077
51	38.5970	0.9078
52	38.6530	0.9080
53	38.7090	0.9080
54	38.7640	0.9080
55	38.8180	0.9085
56	38.8720	0.9085
57	38.9260	0.9087
58	38.9790	0.9088
59	39.0310	0.9088
60	39.0830	0.9092
61	39.1350	0.9095
62	39.1860	0.9095
63	39.2370	0.9097
64	39.2870	0.9100
65	39.3370	0.9103
66	39.3860	0.9105
67	39.4350	0.9107
68	39.4840	0.9108
69	39.5320	0.9110
70	39.5800	0.9112
71	39.6270	0.9113
72	39.6740	0.9117
73	39.7210	0.9120
74	39.7670	0.9122
75	39.8130	0.9123
76	39.8580	0.9127
77	39.9030	0.9128
78	39.9480	0.9133
79	39.9920	0.9133
80	40.0360	0.9138
81	40.0800	0.9138
82	40.1240	0.9142
83	40.1670	0.9145
84	40.2100	0.9145
85	40.2520	0.9148
86	40.2940	0.9152
87	40.3360	0.9155
88	40.3780	0.9158
89	40.4190	0.9158
90	40.4600	0.9162
91	40.5010	0.9165
92	40.5410	0.9167
93	40.5820	0.9172
94	40.6210	0.9172
95	40.6610	0.9177
96	40.7000	0.9178
97	40.7400	0.9183
98	40.7780	0.9185
99	40.8170	0.9188
100	40.8560	0.9192
101	40.8940	0.9192
102	40.9320	0.9198
103	40.9690	0.9200
104	41.0060	0.9202
105	41.0440	0.9208
106	41.0800	0.9208
107	41.1170	0.9212
108	41.1540	0.9217
109	41.1900	0.9218
110	41.2260	0.9223
111	41.2620	0.9225
112	41.2970	0.9230
113	41.3320	0.9232
114	41.3670	0.9235
115	41.4020	0.9237
116	41.4370	0.9242
117	41.4710	0.9245
118	41.5050	0.9247
119	41.5390	0.9252
120	41.5730	0.9257
121	41.6070	0.9257
122	41.6400	0.9260
123	41.6730	0.9265
124	41.7060	0.9267
125	41.7390	0.9270
126	41.7720	0.9275
127	41.8040	0.9278
128	41.8360	0.9280
129	41.8680	0.9283
130	41.9000	0.9285
131	41.9310	0.9290
132	41.9630	0.9293
133	41.9940	0.9297
134	42.0250	0.9300
135	42.0560	0.9305
136	42.0860	0.9308
137	42.1170	0.9312
138	42.1470	0.9313
139	42.1770	0.9318
140	42.2070	0.9322
141	42.2370	0.9325
142	42.2660	0.9328
143	42.2960	0.9332
144	42.3250	0.9333
145	42.3540	0.9337
146	42.3830	0.9340
147	42.4120	0.9345
148	42.4400	0.9347
149	42.4680	0.9348
150	42.4960	0.9355
151	42.5250	0.9358
152	42.5520	0.9362
153	42.5800	0.9363
154	42.6080	0.9367
155	42.6350	0.9373
156	42.6620	0.9377
157	42.6890	0.9378
158	42.7160	0.9380
159	42.7430	0.9387
160	42.7690	0.9388
161	42.7960	0.9392
162	42.8220	0.9393
163	42.8480	0.9400
164	42.8740	0.9403
165	42.9000	0.9405
166	42.9250	0.9410
167	42.9510	0.9413
168	42.9760	0.9415
169	43.0010	0.9420
170	43.0260	0.9422
171	43.0510	0.9425
172	43.0760	0.9430
173	43.1010	0.9432
174	43.1250	0.9437
175	43.1500	0.9438
176	43.1740	0.9442
177	43.1980	0.9447
178	43.2220	0.9448
179	43.2460	0.9455
180	43.2690	0.9455
181	43.2930	0.9460
182	43.3160	0.9463
183	43.3390	0.9467
184	43.3620	0.9468
185	43.3850	0.9475
186	43.4080	0.9475
187	43.4310	0.9480
188	43.4540	0.9482
189	43.4760	0.9487
190	43.4980	0.9488
191	43.5210	0.9493
192	43.5430	0.9495
193	43.5650	0.9500
194	43.5860	0.9502
195	43.6080	0.9505
196	43.6300	0.9507
197	43.6510	0.9512
198	43.6730	0.9517
199	43.6940	0.9517
200	43.7150	0.9523
201	43.7360	0.9523
202	43.7570	0.9527
203	43.7780	0.9532
204	43.7980	0.9533
205	43.8190	0.9538
206	43.8390	0.9542
207	43.8600	0.9543
208	43.8800	0.9548
209	43.9000	0.9552
210	43.9200	0.9553
211	43.9400	0.9558
212	43.9590	0.9562
213	43.9790	0.9563
214	43.9990	0.9567
215	44.0180	0.9570
216	44.0370	0.9572
217	44.0570	0.9575
218	44.0760	0.9580
219	44.0950	0.9582
220	44.1140	0.9585
221	44.1320	0.9588
222	44.1510	0.9590
223	44.1700	0.9593
224	44.1880	0.9598
225	44.2070	0.9602
226	44.2250	0.9603
227	44.2430	0.9607
228	44.2610	0.9610
229	44.2790	0.9615
230	44.2970	0.9615
231	44.3150	0.9620
232	44.3330	0.9623
233	44.3500	0.9625
234	44.3680	0.9627
235	44.3850	0.9630
236	44.4030	0.9635
237	44.4200	0.9637
238	44.4370	0.9642
239	44.4540	0.9642
240	44.4710	0.9645
241	44.4880	0.9650
242	44.5050	0.9653
243	44.5220	0.9657
244	44.5380	0.9657
245	44.5550	0.9660
246	44.5710	0.9665
247	44.5880	0.9667
248	44.6040	0.9670
249	44.6200	0.9672
250	44.6360	0.9675
251	44.6520	0.9678
252	44.6680	0.9682
253	44.6840	0.9685
254	44.7000	0.9688
255	44.7160	0.9687
256	44.7320	0.9692
257	44.7470	0.9695
258	44.7630	0.9698
259	44.7780	0.9702
260	44.7940	0.9705
261	44.8090	0.9708
262	44.8240	0.9707
263	44.8390	0.9712
264	44.8540	0.9715
265	44.8690	0.9717
266	44.8840	0.9720
267	44.8990	0.9723
268	44.9140	0.9728
269	44.9280	0.9732
270	44.9430	0.9730
271	44.9580	0.9735
272	44.9720	0.9737
273	44.9860	0.9740
274	45.0010	0.9743
275	45.0150	0.9747
276	45.0290	0.9750
277	45.0430	0.9752
278	45.0570	0.9755
279	45.0710	0.9755
280	45.0850	0.9758
281	45.0990	0.9760
282	45.1130	0.9763
283	45.1270	0.9767
284	45.1400	0.9770
285	45.1540	0.9773
286	45.1670	0.9775
287	45.1810	0.9778
288	45.1940	0.9782
289	45.2080	0.9785
290	45.2210	0.9787
291	45.2340	0.9787
292	45.2470	0.9788
293	45.2600	0.9792
294	45.2730	0.9795
295	45.2860	0.9798
296	45.2990	0.9800
297	45.3120	0.9803
298	45.3250	0.9807
299	45.3380	0.9808
300	45.3500	0.9812
301	45.3630	0.9813
302	45.3760	0.9818
303	45.3880	0.9820
304	45.4000	0.9822
305	45.4130	0.9825
306	45.4250	0.9827
307	45.4370	0.9827
308	45.4500	0.9828
309	45.4620	0.9832
310	45.4740	0.9835
311	45.4860	0.9837
312	45.4980	0.9840
313	45.5100	0.9843
314	45.5220	0.9845
315	45.5340	0.9848
316	45.5450	0.9850
317	45.5570	0.9853
318	45.5690	0.9855
319	45.5800	0.9858
320	45.5920	0.9860
321	45.6030	0.9862
322	45.6150	0.9865
323	45.6260	0.9868
324	45.6380	0.9870
325	45.6490	0.9873
326	45.6600	0.9875
327	45.6710	0.9878
328	45.6830	0.9880
329	45.6940	0.9882
330	45.7050	0.9885
331	45.7160	0.9887
332	45.7270	0.9890
333	45.7380	0.9892
334	45.7480	0.9895
335	45.7590	0.9897
336	45.7700	0.9900
337	45.7810	0.9902
338	45.7920	0.9905
339	45.8020	0.9907
340	45.8130	0.9908
341	45.8230	0.9907
342	45.8340	0.9910
343	45.8440	0.9912
344	45.8550	0.9913
345	45.8650	0.9917
346	45.8750	0.9918
347	45.8860	0.9920
348	45.8960	0.9923
349	45.9060	0.9925
350	45.9160	0.9927
351	45.9260	0.9928
352	45.9360	0.9932
353	45.9460	0.9935
354	45.9560	0.9935
355	45.9660	0.9938
356	45.9760	0.9940
357	45.9860	0.9942
358	45.9960	0.9943
359	46.0060	0.9947
360	46.0160	0.9948
361	46.0250	0.9950
362	46.0350	0.9957
363	46.0440	0.9958
364	46.0540	0.9960
365	46.0640	0.9962
366	46.0730	0.9965
367	46.0830	0.9967
368	46.0920	0.9968
369	46.1020	0.9972
370	46.1110	0.9973
371	46.1200	0.9975
372	46.1300	0.9975
373	46.1390	0.9978
374	46.1480	0.9980
375	46.1570	0.9983
376	46.1660	0.9985
377	46.1750	0.9987
378	46.1840	0.9988
379	46.1940	0.9992
380	46.2020	0.9992
381	46.2120	0.9995
382	46.2200	0.9995
383	46.2290	0.9998
384	46.2380	1.0000
385	46.2470	1.0002
386	46.2560	1.0003
387	46.2650	1.0005
388	46.2730	1.0008
389	46.2820	1.0010
390	46.2910	1.0012
391	46.2990	1.0013
392	46.3080	1.0017
393	46.3170	1.0018
394	46.3250	1.0020
395	46.3340	1.0022
396	46.3420	1.0023
397	46.3510	1.0025
398	46.3590	1.0027
399	46.3670	1.0028
400	46.3760	1.0030
401	46.3840	1.0032
402	46.3920	1.0038
403	46.4010	1.0038
404	46.4090	1.0040
405	46.4170	1.0043
406	46.4250	1.0045
407	46.4340	1.0045
408	46.4420	1.0048
409	46.4500	1.0050
410	46.4580	1.0052
411	46.4660	1.0053
412	46.4740	1.0053
413	46.4820	1.0057
414	46.4900	1.0058
415	46.4980	1.0060
416	46.5060	1.0062
417	46.5140	1.0063
418	46.5220	1.0065
419	46.5290	1.0067
420	46.5370	1.0068
421	46.5450	1.0070
422	46.5530	1.0072
423	46.5600	1.0073
424	46.5680	1.0075
425	46.5760	1.0080
426	46.5830	1.0082
427	46.5910	1.0083
428	46.5990	1.0085
429	46.6060	1.0087
430	46.6140	1.0088
431	46.6210	1.0090
432	46.6290	1.0092
433	46.6360	1.0093
434	46.6440	1.0095
435	46.6510	1.0097
436	46.6590	1.0098
437	46.6660	1.0100
438	46.6730	1.0102
439	46.6810	1.0103
440	46.6880	1.0103
441	46.6950	1.0107
442	46.7030	1.0108
443	46.7100	1.0113
444	46.7170	1.0113
445	46.7240	1.0117
446	46.7310	1.0118
447	46.7390	1.0118
448	46.7460	1.0122
449	46.7530	1.0123
450	46.7600	1.0123
451	46.7670	1.0127
452	46.7740	1.0127
453	46.7810	1.0128
454	46.7880	1.0130
455	46.7950	1.0132
456	46.8020	1.0133
457	46.8090	1.0133
458	46.8160	1.0137
459	46.8230	1.0140
460	46.8300	1.0143
461	46.8370	1.0145
462	46.8440	1.0145
463	46.8500	1.0147
464	46.8570	1.0148
465	46.8640	1.0150
466	46.8710	1.0152
467	46.8780	1.0152
468	46.8840	1.0153
469	46.8910	1.0157
470	46.8980	1.0158
471	46.9040	1.0158
472	46.9110	1.0160
473	46.9180	1.0165
474	46.9240	1.0167
475	46.9310	1.0168
476	46.9370	1.0168
477	46.9440	1.0170
478	46.9500	1.0172
479	46.9570	1.0173
480	46.9640	1.0175
481	46.9700	1.0177
482	46.9770	1.0178
483	46.9830	1.0180
484	46.9900	1.0182
485	46.9960	1.0183
486	47.0020	1.0188
487	47.0090	1.0188
488	47.0150	1.0190
489	47.0220	1.0192
490	47.0280	1.0193
491	47.0340	1.0193
492	47.0400	1.0195
493	47.0470	1.0197
494	47.0530	1.0198
495	47.0590	1.0198
496	47.0660	1.0202
497	47.0720	1.0203
498	47.0780	1.0203
499	47.0840	1.0208
500	47.0900	1.0208
501	47.0970	1.0212
502	47.1030	1.0213
503	47.1090	1.0213
504	47.1150	1.0215
505	47.1210	1.0217
506	47.1270	1.0218
507	47.1340	1.0218
508	47.1400	1.0222
509	47.1460	1.0222
510	47.1520	1.0223
511	47.1580	1.0228
512	47.1640	1.0230
513	47.1700	1.0232
514	47.1760	1.0232
515	47.1820	1.0233
516	47.1880	1.0235
517	47.1940	1.0235
518	47.2000	1.0238
519	47.2060	1.0238
520	47.2110	1.0240
521	47.2170	1.0242
522	47.2230	1.0243
523	47.2290	1.0247
524	47.2350	1.0248
525	47.2410	1.0250
526	47.2470	1.0252
527	47.2520	1.0252
528	47.2580	1.0253
529	47.2640	1.0253
530	47.2700	1.0257
531	47.2760	1.0258
532	47.2810	1.0258
533	47.2870	1.0260
534	47.2930	1.0265
535	47.2980	1.0265
536	47.3040	1.0267
537	47.3100	1.0268
538	47.3160	1.0270
539	47.3210	1.0272
540	47.3270	1.0273
541	47.3330	1.0273
542	47.3380	1.0275
543	47.3440	1.0277
544	47.3490	1.0282
545	47.3550	1.0283
546	47.3610	1.0283
547	47.3660	1.0285
548	47.3720	1.0285
549	47.3770	1.0287
550	47.3830	1.0288
551	47.3880	1.0288
552	47.3940	1.0290
553	47.4000	1.0292
554	47.4050	1.0293
555	47.4100	1.0298
556	47.4160	1.0300
557	47.4220	1.0302
558	47.4270	1.0300
559	47.4320	1.0302
560	47.4380	1.0303
561	47.4430	1.0305
562	47.4490	1.0307
563	47.4540	1.0307
564	47.4600	1.0308
565	47.4650	1.0313
566	47.4700	1.0315
567	47.4760	1.0315
568	47.4810	1.0317
569	47.4860	1.0318
570	47.4920	1.0318
571	47.4970	1.0320
572	47.5020	1.0322
573	47.5080	1.0322
574	47.5130	1.0323
575	47.5180	1.0328
576	47.5240	1.0328
577	47.5290	1.0330
578	47.5340	1.0332
579	47.5390	1.0333
580	47.5450	1.0335
581	47.5500	1.0335
582	47.5550	1.0337
583	47.5600	1.0338
584	47.5660	1.0342
585	47.5710	1.0343
586	47.5760	1.0345
587	47.5810	1.0347
588	47.5860	1.0347
589	47.5920	1.0348
590	47.5970	1.0348
591	47.6020	1.0350
592	47.6070	1.0352
593	47.6120	1.0357
594	47.6170	1.0357
595	47.6220	1.0358
596	47.6270	1.0358
597	47.6320	1.0362
598	47.6380	1.0362
599	47.6430	1.0363
600	47.6480	1.0363
601	47.6530	1.0365
602	47.6580	1.0367
603	47.6630	1.0370
604	47.6680	1.0373
605	47.6730	1.0373
606	47.6780	1.0373
607	47.6830	1.0377
608	47.6880	1.0377
609	47.6930	1.0377
610	47.6980	1.0380
611	47.7030	1.0380
612	47.7080	1.0383
613	47.7130	1.0387
614	47.7180	1.0387
615	47.7230	1.0387
616	47.7280	1.0390
617	47.7330	1.0390
618	47.7380	1.0392
619	47.7430	1.0392
620	47.7480	1.0397
621	47.7530	1.0398
622	47.7580	1.0398
623	47.7620	1.0400
624	47.7670	1.0402
625	47.7720	1.0402
626	47.7770	1.0403
627	47.7820	1.0403
628	47.7870	1.0405
629	47.7920	1.0410
630	47.7960	1.0412
631	47.8010	1.0412
632	47.8060	1.0413
633	47.8110	1.0413
634	47.8160	1.0417
635	47.8210	1.0417
636	47.8260	1.0418
637	47.8300	1.0422
638	47.8350	1.0423
639	47.8400	1.0423
640	47.8450	1.0425
641	47.8490	1.0427
642	47.8540	1.0427
643	47.8590	1.0430
644	47.8640	1.0430
645	47.8680	1.0432
646	47.8730	1.0435
647	47.8780	1.0437
648	47.8830	1.0438
649	47.8870	1.0438
650	47.8920	1.0440
651	47.8970	1.0440
652	47.9020	1.0442
653	47.9060	1.0443
654	47.9110	1.0447
655	47.9160	1.0448
656	47.9200	1.0450
657	47.9250	1.0450
658	47.9300	1.0452
659	47.9340	1.0453
660	47.9390	1.0453
661	47.9440	1.0455
662	47.9480	1.0460
663	47.9530	1.0460
664	47.9570	1.0462
665	47.9620	1.0463
666	47.9670	1.0463
667	47.9710	1.0465
668	47.9760	1.0465
669	47.9800	1.0465
670	47.9850	1.0470
671	47.9900	1.0472
672	47.9940	1.0473
673	47.9990	1.0473
674	48.0030	1.0475
675	48.0080	1.0477
676	48.0120	1.0477
677	48.0170	1.0477
678	48.0220	1.0482
679	48.0260	1.0483
680	48.0310	1.0485
681	48.0350	1.0487
682	48.0400	1.0487
683	48.0440	1.0487
684	48.0490	1.0488
685	48.0530	1.0490
686	48.0580	1.0495
687	48.0620	1.0495
688	48.0670	1.0495
689	48.0710	1.0497
690	48.0760	1.0498
691	48.0800	1.0500
692	48.0840	1.0500
693	48.0890	1.0500
694	48.0930	1.0505
695	48.0980	1.0507
696	48.1020	1.0507
697	48.1070	1.0508
698	48.1110	1.0510
699	48.1150	1.0512
700	48.1200	1.0512
701	48.1240	1.0513
702	48.1290	1.0518
703	48.1330	1.0517
704	48.1370	1.0518
705	48.1420	1.0520
706	48.1460	1.0520
707	48.1500	1.0522
708	48.1550	1.0523
709	48.1590	1.0527
710	48.1640	1.0528
711	48.1680	1.0530
712	48.1720	1.0530
713	48.1770	1.0532
714	48.1810	1.0533
715	48.1850	1.0533
716	48.1900	1.0535
717	48.1940	1.0540
718	48.1980	1.0540
719	48.2020	1.0542
720	48.2070	1.0542
721	48.2110	1.0543
722	48.2150	1.0543
723	48.2200	1.0545
724	48.2240	1.0547
725	48.2280	1.0550
726	48.2320	1.0552
727	48.2370	1.0552
728	48.2410	1.0553
729	48.2450	1.0553
730	48.2490	1.0555
731	48.2540	1.0555
732	48.2580	1.0560
733	48.2620	1.0560
734	48.2660	1.0562
735	48.2700	1.0562
736	48.2750	1.0565
737	48.2790	1.0565
738	48.2830	1.0567
739	48.2870	1.0570
740	48.2920	1.0572
741	48.2960	1.0572
742	48.3000	1.0573
743	48.3040	1.0573
744	48.3080	1.0575
745	48.3120	1.0577
746	48.3160	1.0577
747	48.3210	1.0582
748	48.3250	1.0582
749	48.3290	1.0583
750	48.3330	1.0583
751	48.3370	1.0585
752	48.3410	1.0587
753	48.3450	1.0587
754	48.3490	1.0592
755	48.3540	1.0592
756	48.3580	1.0593
757	48.3620	1.0595
758	48.3660	1.0595
759	48.3700	1.0597
760	48.3740	1.0597
761	48.3780	1.0597
762	48.3820	1.0603
763	48.3860	1.0603
764	48.3900	1.0603
765	48.3940	1.0605
766	48.3980	1.0607
767	48.4020	1.0607
768	48.4060	1.0608
769	48.4100	1.0612
770	48.4140	1.0613
771	48.4180	1.0615
772	48.4220	1.0615
773	48.4260	1.0615
774	48.4300	1.0617
775	48.4340	1.0618
776	48.4380	1.0622
777	48.4420	1.0623
778	48.4460	1.0625
779	48.4500	1.0625
780	48.4540	1.0627
781	48.4580	1.0627
782	48.4620	1.0627
783	48.4660	1.0633
784	48.4700	1.0633
785	48.4740	1.0633
786	48.4780	1.0635
787	48.4820	1.0637
788	48.4860	1.0637
789	48.4900	1.0638
790	48.4940	1.0638
791	48.4970	1.0642
792	48.5010	1.0643
793	48.5050	1.0645
794	48.5090	1.0647
795	48.5130	1.0647
796	48.5170	1.0647
797	48.5210	1.0648
798	48.5250	1.0652
799	48.5280	1.0655
800	48.5320	1.0655
801	48.5360	1.0655
802	48.5400	1.0657
803	48.5440	1.0657
804	48.5480	1.0658
805	48.5520	1.0662
806	48.5550	1.0663
807	48.5590	1.0663
808	48.5630	1.0663
809	48.5670	1.0665
810	48.5710	1.0667
811	48.5740	1.0668
812	48.5780	1.0672
813	48.5820	1.0673
814	48.5860	1.0673
815	48.5900	1.0675
816	48.5930	1.0675
817	48.5970	1.0677
818	48.6010	1.0677
819	48.6040	1.0682
820	48.6080	1.0682
821	48.6120	1.0683
822	48.6160	1.0683
823	48.6200	1.0685
824	48.6230	1.0685
825	48.6270	1.0687
826	48.6310	1.0692
827	48.6340	1.0692
828	48.6380	1.0693
829	48.6420	1.0693
830	48.6460	1.0695
831	48.6490	1.0695
832	48.6530	1.0697
833	48.6570	1.0697
834	48.6600	1.0702
835	48.6640	1.0703
836	48.6680	1.0702
837	48.6710	1.0703
838	48.6750	1.0703
839	48.6780	1.0705
840	48.6820	1.0707
841	48.6860	1.0710
842	48.6900	1.0712
843	48.6930	1.0713
844	48.6970	1.0713
845	48.7000	1.0713
846	48.7040	1.0713
847	48.7080	1.0715
848	48.7110	1.0720
849	48.7150	1.0720
850	48.7180	1.0722
851	48.7220	1.0723
852	48.7260	1.0722
853	48.7290	1.0723
854	48.7330	1.0725
855	48.7360	1.0728
856	48.7400	1.0730
857	48.7430	1.0732
858	48.7470	1.0732
859	48.7500	1.0732
860	48.7540	1.0733
861	48.7580	1.0735
862	48.7610	1.0738
863	48.7650	1.0738
864	48.7680	1.0740
865	48.7720	1.0742
866	48.7750	1.0742
867	48.7790	1.0742
868	48.7820	1.0743
869	48.7860	1.0748
870	48.7890	1.0748
871	48.7930	1.0748
872	48.7960	1.0750
873	48.8000	1.0752
874	48.8030	1.0752
875	48.8070	1.0752
876	48.8100	1.0757
877	48.8140	1.0758
878	48.8170	1.0758
879	48.8200	1.0758
880	48.8240	1.0760
881	48.8270	1.0762
882	48.8310	1.0762
883	48.8340	1.0767
884	48.8380	1.0767
885	48.8410	1.0767
886	48.8440	1.0768
887	48.8480	1.0768
888	48.8510	1.0770
889	48.8550	1.0772
890	48.8580	1.0770
891	48.8610	1.0775
892	48.8650	1.0777
893	48.8680	1.0777
894	48.8720	1.0778
895	48.8750	1.0780
896	48.8780	1.0780
897	48.8820	1.0780
898	48.8850	1.0783
899	48.8880	1.0785
900	48.8920	1.0787
901	48.8950	1.0787
902	48.8980	1.0788
903	48.9020	1.0788
904	48.9050	1.0790
905	48.9080	1.0793
906	48.9120	1.0795
907	48.9150	1.0795
908	48.9180	1.0797
909	48.9220	1.0795
910	48.9250	1.0797
911	48.9280	1.0798
912	48.9310	1.0802
913	48.9350	1.0803
914	48.9380	1.0803
915	48.9410	1.0805
916	48.9440	1.0805
917	48.9480	1.0807
918	48.9510	1.0807
919	48.9540	1.0812
920	48.9580	1.0812
921	48.9610	1.0813
922	48.9640	1.0813
923	48.9670	1.0815
924	48.9700	1.0815
925	48.9740	1.0815
926	48.9770	1.0817
927	48.9800	1.0820
928	48.9830	1.0822
929	48.9870	1.0822
930	48.9900	1.0823
931	48.9930	1.0823
932	48.9960	1.0825
933	48.9990	1.0825
934	49.0020	1.0828
935	49.0060	1.0830
936	49.0090	1.0830
937	49.0120	1.0832
938	49.0150	1.0833
939	49.0180	1.0833
940	49.0220	1.0835
941	49.0250	1.0838
942	49.0280	1.0840
943	49.0310	1.0840
944	49.0340	1.0840
945	49.0370	1.0842
946	49.0400	1.0842
947	49.0440	1.0842
948	49.0470	1.0848
949	49.0500	1.0848
950	49.0530	1.0848
951	49.0560	1.0850
952	49.0590	1.0850
953	49.0620	1.0850
954	49.0650	1.0852
955	49.0680	1.0852
956	49.0710	1.0857
957	49.0740	1.0858
958	49.0780	1.0858
959	49.0810	1.0858
960	49.0840	1.0858
961	49.0870	1.0860
962	49.0900	1.0860
963	49.0930	1.0865
964	49.0960	1.0865
965	49.0990	1.0867
966	49.1020	1.0867
967	49.1050	1.0867
968	49.1080	1.0867
969	49.1110	1.0870
970	49.1140	1.0870
971	49.1170	1.0873
972	49.1200	1.0873
973	49.1230	1.0877
974	49.1260	1.0877
975	49.1290	1.0877
976	49.1320	1.0877
977	49.1350	1.0877
978	49.1380	1.0883
979	49.1410	1.0883
980	49.1440	1.0883
981	49.1470	1.0883
982	49.1500	1.0885
983	49.1530	1.0887
984	49.1560	1.0887
985	49.1590	1.0890
986	49.1620	1.0892
987	49.1650	1.0892
988	49.1680	1.0892
989	49.1700	1.0895
990	49.1740	1.0895
991	49.1760	1.0895
992	49.1790	1.0895
993	49.1820	1.0900
994	49.1850	1.0900
995	49.1880	1.0900
996	49.1910	1.0902
997	49.1940	1.0903
998	49.1970	1.0903
999	49.2000	1.0905
1000	49.2020	1.0908
1001	49.2050	1.0908
1002	49.2080	1.0910
1003	49.2110	1.0910
1004	49.2140	1.0910
1005	49.2170	1.0912
1006	49.2200	1.0912
1007	49.2230	1.0912
1008	49.2260	1.0918
1009	49.2280	1.0918
1010	49.2310	1.0918
1011	49.2340	1.0920
1012	49.2370	1.0920
1013	49.2400	1.0920
1014	49.2420	1.0922
1015	49.2450	1.0925
1016	49.2480	1.0927
1017	49.2510	1.0927
1018	49.2540	1.0927
1019	49.2570	1.0928
1020	49.2590	1.0928
1021	49.2620	1.0930
1022	49.2650	1.0930
1023	49.2680	1.0933
1024	49.2710	1.0935
1025	49.2730	1.0935
1026	49.2760	1.0937
1027	49.2790	1.0937
1028	49.2820	1.0937
1029	49.2840	1.0938
1030	49.2870	1.0938
1031	49.2900	1.0943
1032	49.2930	1.0943
1033	49.2960	1.0945
1034	49.2980	1.0945
1035	49.3010	1.0947
1036	49.3040	1.0947
1037	49.3070	1.0947
1038	49.3090	1.0952
1039	49.3120	1.0950
1040	49.3150	1.0952
1041	49.3180	1.0952
1042	49.3200	1.0953
1043	49.3230	1.0953
1044	49.3260	1.0955
1045	49.3280	1.0955
1046	49.3310	1.0960
1047	49.3340	1.0960
1048	49.3360	1.0962
1049	49.3390	1.0962
1050	49.3420	1.0963
1051	49.3450	1.0962
1052	49.3470	1.0963
1053	49.3500	1.0963
1054	49.3530	1.0968
1055	49.3550	1.0968
1056	49.3580	1.0970
1057	49.3610	1.0970
1058	49.3630	1.0972
1059	49.3660	1.0970
1060	49.3690	1.0972
1061	49.3710	1.0977
1062	49.3740	1.0977
1063	49.3760	1.0978
1064	49.3790	1.0978
1065	49.3820	1.0978
1066	49.3840	1.0978
1067	49.3870	1.0980
1068	49.3900	1.0980
1069	49.3920	1.0985
1070	49.3950	1.0987
1071	49.3980	1.0985
1072	49.4000	1.0987
1073	49.4030	1.0987
1074	49.4050	1.0988
1075	49.4080	1.0987
1076	49.4110	1.0988
1077	49.4130	1.0993
1078	49.4160	1.0993
1079	49.4180	1.0995
1080	49.4210	1.0997
1081	49.4240	1.0995
1082	49.4260	1.0997
1083	49.4290	1.0997
1084	49.4310	1.0997
1085	49.4340	1.1002
1086	49.4360	1.1002
1087	49.4390	1.1003
1088	49.4420	1.1005
1089	49.4440	1.1003
1090	49.4470	1.1005
1091	49.4490	1.1005
1092	49.4520	1.1005
1093	49.4540	1.1010
1094	49.4570	1.1010
1095	49.4590	1.1012
1096	49.4620	1.1012
1097	49.4640	1.1012
1098	49.4670	1.1013
1099	49.4690	1.1013
1100	49.4720	1.1013
1101	49.4740	1.1018
1102	49.4770	1.1020
1103	49.4800	1.1018
1104	49.4820	1.1020
1105	49.4840	1.1022
1106	49.4870	1.1020
1107	49.4900	1.1022
1108	49.4920	1.1023
1109	49.4940	1.1027
1110	49.4970	1.1027
1111	49.4990	1.1028
1112	49.5020	1.1028
1113	49.5040	1.1028
1114	49.5070	1.1030
1115	49.5090	1.1030
1116	49.5120	1.1030
1117	49.5140	1.1035
1118	49.5170	1.1035
1119	49.5190	1.1037
1120	49.5220	1.1037
1121	49.5240	1.1037
1122	49.5260	1.1038
1123	49.5290	1.1038
1124	49.5310	1.1038
1125	49.5340	1.1043
1126	49.5360	1.1043
1127	49.5390	1.1045
1128	49.5410	1.1045
1129	49.5440	1.1045
1130	49.5460	1.1047
1131	49.5480	1.1047
1132	49.5510	1.1047
1133	49.5530	1.1052
1134	49.5560	1.1052
1135	49.5580	1.1053
1136	49.5600	1.1052
1137	49.5630	1.1053
1138	49.5650	1.1053
1139	49.5680	1.1055
1140	49.5700	1.1057
1141	49.5720	1.1060
1142	49.5750	1.1060
1143	49.5770	1.1060
1144	49.5800	1.1062
1145	49.5820	1.1062
1146	49.5840	1.1062
1147	49.5870	1.1062
1148	49.5890	1.1063
1149	49.5910	1.1068
1150	49.5940	1.1068
1151	49.5960	1.1068
1152	49.5980	1.1068
1153	49.6010	1.1070
1154	49.6030	1.1070
1155	49.6050	1.1072
1156	49.6080	1.1072
1157	49.6100	1.1072
1158	49.6120	1.1075
1159	49.6150	1.1077
1160	49.6170	1.1077
1161	49.6200	1.1078
1162	49.6220	1.1078
1163	49.6240	1.1080
1164	49.6260	1.1078
1165	49.6290	1.1080
1166	49.6310	1.1083
1167	49.6330	1.1085
1168	49.6360	1.1085
1169	49.6380	1.1087
1170	49.6400	1.1087
1171	49.6430	1.1087
1172	49.6450	1.1087
1173	49.6470	1.1088
1174	49.6500	1.1092
1175	49.6520	1.1092
1176	49.6540	1.1093
1177	49.6560	1.1093
1178	49.6590	1.1095
1179	49.6610	1.1093
1180	49.6630	1.1095
1181	49.6650	1.1095
1182	49.6680	1.1100
1183	49.6700	1.1100
1184	49.6720	1.1100
1185	49.6740	1.1102
1186	49.6770	1.1102
1187	49.6790	1.1103
1188	49.6810	1.1103
1189	49.6840	1.1105
1190	49.6860	1.1103
1191	49.6880	1.1110
1192	49.6900	1.1108
1193	49.6920	1.1108
1194	49.6950	1.1110
1195	49.6970	1.1110
1196	49.6990	1.1110
1197	49.7010	1.1112
1198	49.7040	1.1112
1199	49.7060	1.1117
1200	49.7080	1.1117
1201	49.7100	1.1117
1202	49.7120	1.1118
1203	49.7150	1.1118
1204	49.7170	1.1118
1205	49.7190	1.1120
1206	49.7210	1.1120
1207	49.7240	1.1122
1208	49.7260	1.1125
1209	49.7280	1.1125
1210	49.7300	1.1127
1211	49.7320	1.1125
1212	49.7340	1.1125
1213	49.7370	1.1127
1214	49.7390	1.1127
1215	49.7410	1.1127
1216	49.7430	1.1132
1217	49.7450	1.1132
1218	49.7480	1.1133
1219	49.7500	1.1133
1220	49.7520	1.1133
1221	49.7540	1.1135
1222	49.7560	1.1135
1223	49.7580	1.1135
1224	49.7610	1.1135
1225	49.7630	1.1140
1226	49.7650	1.1140
1227	49.7670	1.1142
1228	49.7690	1.1142
1229	49.7710	1.1142
1230	49.7740	1.1142
1231	49.7760	1.1143
1232	49.7780	1.1143
1233	49.7800	1.1143
1234	49.7820	1.1150
1235	49.7840	1.1150
1236	49.7860	1.1150
1237	49.7880	1.1152
1238	49.7910	1.1152
1239	49.7930	1.1152
1240	49.7950	1.1152
1241	49.7970	1.1153
1242	49.7990	1.1157
1243	49.8010	1.1157
1244	49.8030	1.1157
1245	49.8050	1.1158
1246	49.8080	1.1158
1247	49.8100	1.1158
1248	49.8120	1.1158
1249	49.8140	1.1160
1250	49.8160	1.1160
1251	49.8180	1.1163
1252	49.8200	1.1165
1253	49.8220	1.1165
1254	49.8240	1.1165
1255	49.8260	1.1167
1256	49.8280	1.1168
1257	49.8300	1.1168
1258	49.8330	1.1168
1259	49.8350	1.1168
1260	49.8370	1.1173
1261	49.8390	1.1173
1262	49.8410	1.1173
1263	49.8430	1.1173
1264	49.8450	1.1173
1265	49.8470	1.1175
1266	49.8490	1.1175
1267	49.8510	1.1177
1268	49.8530	1.1177
1269	49.8550	1.1182
1270	49.8570	1.1182
1271	49.8600	1.1182
1272	49.8620	1.1182
1273	49.8640	1.1182
1274	49.8660	1.1182
1275	49.8680	1.1183
1276	49.8700	1.1183
1277	49.8720	1.1185
1278	49.8740	1.1188
1279	49.8760	1.1190
1280	49.8780	1.1190
1281	49.8800	1.1190
1282	49.8820	1.1190
1283	49.8840	1.1190
1284	49.8860	1.1190
1285	49.8880	1.1192
1286	49.8900	1.1193
1287	49.8920	1.1197
1288	49.8940	1.1197
1289	49.8960	1.1197
1290	49.8980	1.1197
1291	49.9000	1.1197
1292	49.9020	1.1200
1293	49.9040	1.1200
1294	49.9060	1.1200
1295	49.9080	1.1200
1296	49.9100	1.1203
1297	49.9120	1.1203
1298	49.9140	1.1207
1299	49.9160	1.1207
1300	49.9180	1.1207
1301	49.9200	1.1207
1302	49.9220	1.1207
1303	49.9240	1.1207
1304	49.9260	1.1207
1305	49.9280	1.1212
1306	49.9300	1.1213
1307	49.9320	1.1213
1308	49.9340	1.1213
1309	49.9360	1.1215
1310	49.9380	1.1215
1311	49.9400	1.1215
1312	49.9420	1.1215
1313	49.9440	1.1215
1314	49.9460	1.1222
1315	49.9480	1.1222
1316	49.9490	1.1222
1317	49.9510	1.1222
1318	49.9530	1.1222
1319	49.9550	1.1222
1320	49.9570	1.1223
1321	49.9590	1.1223
1322	49.9610	1.1223
1323	49.9630	1.1227
1324	49.9650	1.1230
1325	49.9670	1.1230
1326	49.9690	1.1230
1327	49.9710	1.1230
1328	49.9730	1.1230
1329	49.9750	1.1232
1330	49.9760	1.1232
1331	49.9780	1.1232
1332	49.9800	1.1235
1333	49.9820	1.1237
1334	49.9840	1.1237
1335	49.9860	1.1237
1336	49.9880	1.1237
1337	49.9900	1.1237
1338	49.9920	1.1238
1339	49.9940	1.1238
1340	49.9960	1.1238
1341	49.9980	1.1243
1342	50.0000	1.1245
1343	50.0010	1.1245
1344	50.0030	1.1245
1345	50.0050	1.1245
1346	50.0070	1.1247
1347	50.0090	1.1247
1348	50.0110	1.1247
1349	50.0130	1.1247
1350	50.0150	1.1248
1351	50.0160	1.1252
1352	50.0180	1.1252
1353	50.0200	1.1253
1354	50.0220	1.1253
1355	50.0240	1.1253
1356	50.0260	1.1253
1357	50.0280	1.1255
1358	50.0300	1.1255
1359	50.0310	1.1255
1360	50.0330	1.1258
1361	50.0350	1.1260
1362	50.0370	1.1260
1363	50.0390	1.1260
1364	50.0410	1.1262
1365	50.0430	1.1262
1366	50.0440	1.1262
1367	50.0460	1.1262
1368	50.0480	1.1263
1369	50.0500	1.1267
1370	50.0520	1.1267
1371	50.0540	1.1268
1372	50.0560	1.1268
1373	50.0570	1.1268
1374	50.0590	1.1270
1375	50.0610	1.1270
1376	50.0630	1.1270
1377	50.0650	1.1270
1378	50.0660	1.1272
1379	50.0680	1.1275
1380	50.0700	1.1275
1381	50.0720	1.1277
1382	50.0740	1.1277
1383	50.0760	1.1277
1384	50.0770	1.1277
1385	50.0790	1.1277
1386	50.0810	1.1277
1387	50.0830	1.1278
1388	50.0850	1.1282
1389	50.0860	1.1282
1390	50.0880	1.1283
1391	50.0900	1.1283
1392	50.0920	1.1283
1393	50.0940	1.1285
1394	50.0950	1.1285
1395	50.0970	1.1285
1396	50.0990	1.1287
1397	50.1010	1.1287
1398	50.1030	1.1292
1399	50.1040	1.1292
1400	50.1060	1.1292
1401	50.1080	1.1292
1402	50.1100	1.1292
1403	50.1120	1.1292
1404	50.1130	1.1293
1405	50.1150	1.1293
1406	50.1170	1.1293
1407	50.1190	1.1295
1408	50.1200	1.1298
1409	50.1220	1.1300
1410	50.1240	1.1300
1411	50.1260	1.1300
1412	50.1270	1.1300
1413	50.1290	1.1300
1414	50.1310	1.1300
1415	50.1330	1.1302
1416	50.1340	1.1302
1417	50.1360	1.1307
1418	50.1380	1.1307
1419	50.1400	1.1307
1420	50.1420	1.1308
1421	50.1430	1.1307
1422	50.1450	1.1307
1423	50.1470	1.1308
1424	50.1480	1.1308
1425	50.1500	1.1308
1426	50.1520	1.1310
1427	50.1540	1.1313
1428	50.1550	1.1315
1429	50.1570	1.1313
1430	50.1590	1.1315
1431	50.1610	1.1315
1432	50.1620	1.1315
1433	50.1640	1.1317
1434	50.1660	1.1317
1435	50.1670	1.1317
1436	50.1690	1.1317
1437	50.1710	1.1322
1438	50.1730	1.1322
1439	50.1740	1.1322
1440	50.1760	1.1323
1441	50.1780	1.1323
1442	50.1790	1.1323
1443	50.1810	1.1323
1444	50.1830	1.1323
1445	50.1840	1.1325
1446	50.1860	1.1325
1447	50.1880	1.1330
1448	50.1900	1.1328
1449	50.1910	1.1330
1450	50.1930	1.1330
1451	50.1950	1.1330
1452	50.1960	1.1332
1453	50.1980	1.1332
1454	50.2000	1.1332
1455	50.2020	1.1332
1456	50.2030	1.1337
1457	50.2050	1.1337
1458	50.2060	1.1338
1459	50.2080	1.1337
1460	50.2100	1.1337
1461	50.2120	1.1338
1462	50.2130	1.1338
1463	50.2150	1.1340
1464	50.2170	1.1338
1465	50.2180	1.1340
1466	50.2200	1.1343
1467	50.2220	1.1345
1468	50.2230	1.1345
1469	50.2250	1.1345
1470	50.2260	1.1345
1471	50.2280	1.1347
1472	50.2300	1.1347
1473	50.2320	1.1348
1474	50.2330	1.1347
1475	50.2350	1.1347
1476	50.2360	1.1352
1477	50.2380	1.1353
1478	50.2400	1.1353
1479	50.2410	1.1352
1480	50.2430	1.1353
1481	50.2450	1.1353
1482	50.2460	1.1353
1483	50.2480	1.1353
1484	50.2500	1.1355
1485	50.2510	1.1355
1486	50.2530	1.1357
1487	50.2540	1.1358
1488	50.2560	1.1360
1489	50.2580	1.1360
1490	50.2590	1.1362
1491	50.2610	1.1360
1492	50.2630	1.1362
1493	50.2640	1.1362
1494	50.2660	1.1363
1495	50.2680	1.1362
1496	50.2690	1.1363
1497	50.2710	1.1367
1498	50.2720	1.1368
1499	50.2740	1.1367
1500	50.2760	1.1368
1501	50.2770	1.1368
1502	50.2790	1.1370
1503	50.2800	1.1368
1504	50.2820	1.1370
1505	50.2840	1.1370
1506	50.2850	1.1370
1507	50.2870	1.1375
1508	50.2880	1.1375
1509	50.2900	1.1377
1510	50.2920	1.1375
1511	50.2930	1.1377
1512	50.2950	1.1377
1513	50.2960	1.1377
1514	50.2980	1.1377
1515	50.3000	1.1378
1516	50.3010	1.1378
1517	50.3030	1.1382
1518	50.3040	1.1382
1519	50.3060	1.1383
1520	50.3080	1.1385
1521	50.3090	1.1383
1522	50.3110	1.1385
1523	50.3120	1.1385
1524	50.3140	1.1385
1525	50.3150	1.1385
1526	50.3170	1.1387
1527	50.3180	1.1388
1528	50.3200	1.1390
1529	50.3220	1.1390
1530	50.3230	1.1390
1531	50.3250	1.1392
1532	50.3260	1.1392
1533	50.3280	1.1392
1534	50.3300	1.1392
1535	50.3310	1.1393
1536	50.3330	1.1392
1537	50.3340	1.1393
1538	50.3360	1.1398
1539	50.3370	1.1398
1540	50.3390	1.1398
1541	50.3400	1.1398
1542	50.3420	1.1400
1543	50.3440	1.1398
1544	50.3450	1.1400
1545	50.3470	1.1400
1546	50.3480	1.1400
1547	50.3500	1.1402
1548	50.3510	1.1405
1549	50.3530	1.1405
1550	50.3540	1.1405
1551	50.3560	1.1407
1552	50.3570	1.1407
1553	50.3590	1.1407
1554	50.3600	1.1408
1555	50.3620	1.1407
1556	50.3640	1.1408
1557	50.3650	1.1407
1558	50.3660	1.1408
1559	50.3680	1.1413
1560	50.3700	1.1413
1561	50.3710	1.1413
1562	50.3730	1.1415
1563	50.3740	1.1413
1564	50.3760	1.1415
1565	50.3770	1.1415
1566	50.3790	1.1415
1567	50.3800	1.1415
1568	50.3820	1.1415
1569	50.3830	1.1420
1570	50.3850	1.1420
1571	50.3860	1.1422
1572	50.3880	1.1422
1573	50.3890	1.1422
1574	50.3910	1.1422
1575	50.3920	1.1422
1576	50.3940	1.1423
1577	50.3950	1.1423
1578	50.3970	1.1423
1579	50.3980	1.1423
1580	50.4000	1.1428
1581	50.4010	1.1428
1582	50.4030	1.1428
1583	50.4040	1.1428
1584	50.4060	1.1430
1585	50.4070	1.1430
1586	50.4090	1.1430
1587	50.4100	1.1430
1588	50.4120	1.1430
1589	50.4130	1.1430
1590	50.4150	1.1435
1591	50.4160	1.1435
1592	50.4180	1.1435
1593	50.4190	1.1437
1594	50.4210	1.1437
1595	50.4220	1.1437
1596	50.4240	1.1438
1597	50.4250	1.1437
1598	50.4260	1.1438
1599	50.4280	1.1437
1600	50.4300	1.1438
1601	50.4310	1.1443
1602	50.4320	1.1442
1603	50.4340	1.1443
1604	50.4350	1.1443
1605	50.4370	1.1443
1606	50.4380	1.1445
1607	50.4400	1.1445
1608	50.4410	1.1445
1609	50.4430	1.1445
1610	50.4440	1.1445
1611	50.4460	1.1445
1612	50.4470	1.1450
1613	50.4480	1.1452
1614	50.4500	1.1450
1615	50.4510	1.1452
1616	50.4530	1.1452
1617	50.4540	1.1452
1618	50.4560	1.1452
1619	50.4570	1.1452
1620	50.4590	1.1453
1621	50.4600	1.1453
1622	50.4620	1.1453
1623	50.4630	1.1457
1624	50.4640	1.1458
1625	50.4660	1.1458
1626	50.4670	1.1458
1627	50.4690	1.1460
1628	50.4700	1.1460
1629	50.4720	1.1460
1630	50.4730	1.1460
1631	50.4750	1.1462
1632	50.4760	1.1460
1633	50.4770	1.1465
1634	50.4790	1.1465
1635	50.4800	1.1465
1636	50.4820	1.1465
1637	50.4830	1.1467
1638	50.4850	1.1467
1639	50.4860	1.1467
1640	50.4870	1.1468
1641	50.4890	1.1467
1642	50.4900	1.1468
1643	50.4920	1.1468
1644	50.4930	1.1473
1645	50.4940	1.1472
1646	50.4960	1.1473
1647	50.4970	1.1473
1648	50.4990	1.1473
1649	50.5000	1.1473
1650	50.5020	1.1475
1651	50.5030	1.1473
1652	50.5040	1.1475
1653	50.5060	1.1475
1654	50.5070	1.1475
1655	50.5090	1.1480
1656	50.5100	1.1480
1657	50.5120	1.1482
1658	50.5130	1.1480
1659	50.5140	1.1482
1660	50.5160	1.1482
1661	50.5170	1.1482
1662	50.5180	1.1482
1663	50.5200	1.1483
1664	50.5210	1.1483
1665	50.5230	1.1483
1666	50.5240	1.1487
1667	50.5260	1.1488
1668	50.5270	1.1487
1669	50.5280	1.1488
1670	50.5300	1.1488
1671	50.5310	1.1490
1672	50.5320	1.1488
1673	50.5340	1.1490
1674	50.5350	1.1490
1675	50.5370	1.1490
1676	50.5380	1.1490
1677	50.5400	1.1495
1678	50.5410	1.1495
1679	50.5420	1.1495
1680	50.5440	1.1495
1681	50.5450	1.1497
1682	50.5460	1.1495
1683	50.5480	1.1497
1684	50.5490	1.1497
1685	50.5500	1.1498
1686	50.5520	1.1497
1687	50.5530	1.1498
1688	50.5550	1.1498
1689	50.5560	1.1503
1690	50.5570	1.1502
1691	50.5590	1.1503
1692	50.5600	1.1503
1693	50.5620	1.1505
1694	50.5630	1.1503
1695	50.5640	1.1505
1696	50.5660	1.1505
1697	50.5670	1.1503
1698	50.5680	1.1505
1699	50.5700	1.1505
1700	50.5710	1.1510
1701	50.5720	1.1512
1702	50.5740	1.1510
1703	50.5750	1.1510
1704	50.5770	1.1512
1705	50.5780	1.1510
1706	50.5790	1.1512
1707	50.5810	1.1512
1708	50.5820	1.1513
1709	50.5830	1.1512
1710	50.5850	1.1513
1711	50.5860	1.1517
1712	50.5870	1.1518
1713	50.5890	1.1517
1714	50.5900	1.1517
1715	50.5920	1.1518
1716	50.5930	1.1518
1717	50.5940	1.1518
1718	50.5960	1.1518
1719	50.5970	1.1520
1720	50.5980	1.1520
1721	50.6000	1.1520
1722	50.6010	1.1523
1723	50.6020	1.1525
1724	50.6040	1.1525
1725	50.6050	1.1527
1726	50.6060	1.1525
1727	50.6080	1.1525
1728	50.6090	1.1527
1729	50.6100	1.1527
1730	50.6120	1.1527
1731	50.6130	1.1527
1732	50.6140	1.1528
1733	50.6160	1.1528
1734	50.6170	1.1532
1735	50.6180	1.1532
1736	50.6200	1.1532
1737	50.6210	1.1533
1738	50.6220	1.1533
1739	50.6240	1.1533
1740	50.6250	1.1533
1741	50.6260	1.1535
1742	50.6280	1.1535
1743	50.6290	1.1535
1744	50.6300	1.1535
1745	50.6320	1.1538
1746	50.6330	1.1540
1747	50.6340	1.1540
1748	50.6360	1.1540
1749	50.6370	1.1540
1750	50.6380	1.1542
1751	50.6400	1.1542
1752	50.6410	1.1540
1753	50.6420	1.1542
1754	50.6440	1.1542
1755	50.6450	1.1543
1756	50.6460	1.1547
1757	50.6480	1.1547
1758	50.6490	1.1547
1759	50.6500	1.1548
1760	50.6520	1.1548
1761	50.6530	1.1547
1762	50.6540	1.1548
1763	50.6560	1.1548
1764	50.6570	1.1550
1765	50.6580	1.1550
1766	50.6600	1.1548
1767	50.6610	1.1550
1768	50.6620	1.1553
1769	50.6630	1.1555
1770	50.6650	1.1555
1771	50.6660	1.1555
1772	50.6670	1.1555
1773	50.6690	1.1555
1774	50.6700	1.1557
1775	50.6710	1.1557
1776	50.6730	1.1557
1777	50.6740	1.1557
1778	50.6750	1.1557
1779	50.6760	1.1558
1780	50.6780	1.1562
1781	50.6790	1.1562
1782	50.6800	1.1562
1783	50.6820	1.1562
1784	50.6830	1.1563
1785	50.6840	1.1563
1786	50.6860	1.1563
1787	50.6870	1.1563
1788	50.6880	1.1563
1789	50.6900	1.1565
1790	50.6910	1.1565
1791	50.6920	1.1570
1792	50.6930	1.1568
1793	50.6950	1.1568
1794	50.6960	1.1570
1795	50.6970	1.1570
1796	50.6990	1.1570
1797	50.7000	1.1570
1798	50.7010	1.1570
1799	50.7020	1.1572
1800	50.7040	1.1572
1801	50.7050	1.1572
1802	50.7060	1.1572
1803	50.7080	1.1577
1804	50.7090	1.1577
1805	50.7100	1.1577
1806	50.7120	1.1578
1807	50.7130	1.1577
1808	50.7140	1.1577
1809	50.7150	1.1578
1810	50.7170	1.1578
1811	50.7180	1.1580
1812	50.7190	1.1578
1813	50.7200	1.1578
1814	50.7220	1.1580
1815	50.7230	1.1583
1816	50.7240	1.1585
1817	50.7260	1.1585
1818	50.7270	1.1583
1819	50.7280	1.1585
1820	50.7300	1.1585
1821	50.7310	1.1585
1822	50.7320	1.1587
1823	50.7330	1.1585
1824	50.7350	1.1585
1825	50.7360	1.1587
1826	50.7370	1.1587
1827	50.7380	1.1592
1828	50.7400	1.1592
1829	50.7410	1.1590
1830	50.7420	1.1592
1831	50.7440	1.1592
1832	50.7450	1.1593
1833	50.7460	1.1593
1834	50.7470	1.1593
1835	50.7490	1.1593
1836	50.7500	1.1593
1837	50.7510	1.1593
1838	50.7520	1.1598
1839	50.7540	1.1598
1840	50.7550	1.1600
1841	50.7560	1.1600
1842	50.7580	1.1598
1843	50.7590	1.1600
1844	50.7600	1.1600
1845	50.7610	1.1600
1846	50.7630	1.1602
1847	50.7640	1.1600
1848	50.7650	1.1600
1849	50.7660	1.1602
1850	50.7680	1.1605
1851	50.7690	1.1607
1852	50.7700	1.1607
1853	50.7710	1.1607
1854	50.7730	1.1607
1855	50.7740	1.1607
1856	50.7750	1.1607

