Day	P50	StdDev
0	49.1480	1.4445
1	49.3170	1.4468
2	49.4850	1.4490
3	49.6540	1.4517
4	49.8230	1.4538
5	49.9920	1.4560
6	50.1610	1.4583
7	50.3300	1.4605
8	50.4990	1.4625
9	50.6680	1.4648
10	50.8360	1.4672
11	51.0050	1.4693
12	51.1740	1.4715
13	51.3430	1.4735
14	51.5120	1.4757
15	51.6510	1.4780
16	51.7900	1.4808
17	51.9270	1.4830
18	52.0640	1.4857
19	52.2000	1.4880
20	52.3350	1.4907
21	52.4700	1.4928
22	52.6030	1.4953
23	52.7350	1.4980
24	52.8660	1.5003
25	52.9960	1.5025
26	53.1260	1.5048
27	53.2540	1.5073
28	53.3810	1.5097
29	53.5070	1.5120
30	53.6330	1.5142
31	53.7570	1.5165
32	53.8810	1.5192
33	54.0030	1.5213
34	54.1250	1.5235
35	54.2450	1.5257
36	54.3650	1.5283
37	54.4840	1.5303
38	54.6020	1.5323
39	54.7190	1.5348
40	54.8350	1.5367
41	54.9500	1.5390
42	55.0640	1.5410
43	55.1780	1.5433
44	55.2900	1.5452
45	55.4020	1.5475
46	55.5130	1.5497
47	55.6230	1.5513
48	55.7320	1.5537
49	55.8410	1.5558
50	55.9480	1.5580
51	56.0550	1.5597
52	56.1610	1.5617
53	56.2660	1.5637
54	56.3700	1.5658
55	56.4740	1.5677
56	56.5770	1.5698
57	56.6790	1.5717
58	56.7800	1.5737
59	56.8810	1.5755
60	56.9800	1.5775
61	57.0800	1.5792
62	57.1780	1.5812
63	57.2760	1.5830
64	57.3730	1.5848
65	57.4700	1.5870
66	57.5660	1.5887
67	57.6610	1.5905
68	57.7560	1.5923
69	57.8500	1.5940
70	57.9440	1.5960
71	58.0360	1.5975
72	58.1290	1.5993
73	58.2210	1.6015
74	58.3120	1.6030
75	58.4020	1.6045
76	58.4920	1.6067
77	58.5820	1.6082
78	58.6700	1.6102
79	58.7590	1.6117
80	58.8460	1.6135
81	58.9340	1.6150
82	59.0200	1.6168
83	59.1070	1.6185
84	59.1920	1.6203
85	59.2770	1.6217
86	59.3620	1.6237
87	59.4460	1.6253
88	59.5300	1.6268
89	59.6130	1.6285
90	59.6950	1.6298
91	59.7770	1.6317
92	59.8590	1.6333
93	59.9400	1.6347
94	60.0210	1.6363
95	60.1010	1.6382
96	60.1810	1.6400
97	60.2600	1.6412
98	60.3390	1.6428
99	60.4180	1.6445
100	60.4960	1.6462
101	60.5730	1.6478
102	60.6510	1.6488
103	60.7270	1.6505
104	60.8040	1.6522
105	60.8800	1.6538
106	60.9550	1.6553
107	61.0300	1.6570
108	61.1050	1.6585
109	61.1790	1.6600
110	61.2530	1.6610
111	61.3260	1.6625
112	61.3990	1.6640
113	61.4720	1.6655
114	61.5440	1.6670
115	61.6160	1.6685
116	61.6870	1.6700
117	61.7580	1.6713
118	61.8290	1.6728
119	61.8990	1.6742
120	61.9690	1.6755
121	62.0380	1.6775
122	62.1070	1.6790
123	62.1760	1.6803
124	62.2440	1.6817
125	62.3120	1.6830
126	62.3800	1.6842
127	62.4470	1.6857
128	62.5140	1.6868
129	62.5800	1.6883
130	62.6460	1.6900
131	62.7120	1.6913
132	62.7770	1.6927
133	62.8420	1.6938
134	62.9070	1.6950
135	62.9710	1.6968
136	63.0350	1.6982
137	63.0990	1.6993
138	63.1630	1.7005
139	63.2260	1.7018
140	63.2880	1.7035
141	63.3510	1.7047
142	63.4130	1.7058
143	63.4750	1.7073
144	63.5360	1.7085
145	63.5980	1.7098
146	63.6590	1.7115
147	63.7200	1.7125
148	63.7800	1.7137
149	63.8400	1.7153
150	63.9000	1.7163
151	63.9600	1.7175
152	64.0190	1.7190
153	64.0780	1.7203
154	64.1370	1.7213
155	64.1960	1.7228
156	64.2540	1.7240
157	64.3120	1.7257
158	64.3700	1.7267
159	64.4280	1.7282
160	64.4850	1.7293
161	64.5420	1.7302
162	64.5990	1.7317
163	64.6560	1.7327
164	64.7120	1.7342
165	64.7690	1.7353
166	64.8250	1.7367
167	64.8810	1.7378
168	64.9370	1.7392
169	64.9920	1.7403
170	65.0470	1.7418
171	65.1030	1.7432
172	65.1580	1.7442
173	65.2120	1.7457
174	65.2670	1.7467
175	65.3210	1.7482
176	65.3760	1.7490
177	65.4300	1.7505
178	65.4840	1.7518
179	65.5380	1.7528
180	65.5910	1.7543
181	65.6440	1.7558
182	65.6980	1.7567
183	65.7510	1.7580
184	65.8040	1.7590
185	65.8570	1.7603
186	65.9100	1.7618
187	65.9620	1.7632
188	66.0140	1.7642
189	66.0670	1.7655
190	66.1190	1.7668
191	66.1710	1.7677
192	66.2230	1.7690
193	66.2740	1.7705
194	66.3260	1.7713
195	66.3780	1.7728
196	66.4290	1.7740
197	66.4800	1.7755
198	66.5310	1.7768
199	66.5820	1.7777
200	66.6330	1.7790
201	66.6840	1.7803
202	66.7340	1.7818
203	66.7850	1.7827
204	66.8350	1.7838
205	66.8860	1.7852
206	66.9360	1.7867
207	66.9860	1.7880
208	67.0360	1.7893
209	67.0860	1.7900
210	67.1360	1.7915
211	67.1850	1.7927
212	67.2350	1.7940
213	67.2840	1.7953
214	67.3340	1.7968
215	67.3830	1.7980
216	67.4320	1.7993
217	67.4810	1.8000
218	67.5300	1.8013
219	67.5790	1.8027
220	67.6280	1.8040
221	67.6760	1.8052
222	67.7250	1.8067
223	67.7740	1.8078
224	67.8220	1.8092
225	67.8700	1.8105
226	67.9180	1.8118
227	67.9670	1.8130
228	68.0150	1.8143
229	68.0630	1.8157
230	68.1110	1.8168
231	68.1580	1.8182
232	68.2060	1.8195
233	68.2540	1.8207
234	68.3020	1.8220
235	68.3490	1.8233
236	68.3960	1.8245
237	68.4440	1.8257
238	68.4910	1.8270
239	68.5380	1.8283
240	68.5860	1.8295
241	68.6320	1.8308
242	68.6800	1.8322
243	68.7260	1.8333
244	68.7730	1.8345
245	68.8200	1.8357
246	68.8670	1.8372
247	68.9130	1.8383
248	68.9600	1.8395
249	69.0060	1.8408
250	69.0530	1.8420
251	69.0990	1.8437
252	69.1450	1.8450
253	69.1910	1.8462
254	69.2380	1.8475
255	69.2840	1.8488
256	69.3300	1.8498
257	69.3760	1.8512
258	69.4210	1.8525
259	69.4670	1.8537
260	69.5130	1.8553
261	69.5580	1.8565
262	69.6040	1.8578
263	69.6500	1.8590
264	69.6950	1.8603
265	69.7400	1.8615
266	69.7860	1.8632
267	69.8310	1.8643
268	69.8760	1.8657
269	69.9220	1.8668
270	69.9670	1.8680
271	70.0120	1.8698
272	70.0570	1.8708
273	70.1020	1.8722
274	70.1460	1.8733
275	70.1910	1.8747
276	70.2360	1.8763
277	70.2800	1.8775
278	70.3250	1.8787
279	70.3700	1.8798
280	70.4140	1.8810
281	70.4590	1.8828
282	70.5030	1.8840
283	70.5470	1.8852
284	70.5920	1.8863
285	70.6360	1.8880
286	70.6800	1.8893
287	70.7240	1.8903
288	70.7680	1.8922
289	70.8120	1.8933
290	70.8560	1.8945
291	70.9000	1.8957
292	70.9440	1.8973
293	70.9880	1.8985
294	71.0310	1.8998
295	71.0750	1.9013
296	71.1190	1.9027
297	71.1620	1.9038
298	71.2060	1.9050
299	71.2490	1.9067
300	71.2930	1.9078
301	71.3360	1.9090
302	71.3790	1.9107
303	71.4220	1.9118
304	71.4660	1.9130
305	71.5090	1.9147
306	71.5520	1.9158
307	71.5950	1.9170
308	71.6380	1.9187
309	71.6810	1.9198
310	71.7240	1.9212
311	71.7660	1.9228
312	71.8090	1.9238
313	71.8520	1.9257
314	71.8950	1.9268
315	71.9370	1.9278
316	71.9800	1.9297
317	72.0220	1.9307
318	72.0650	1.9318
319	72.1070	1.9337
320	72.1500	1.9348
321	72.1920	1.9363
322	72.2340	1.9377
323	72.2760	1.9387
324	72.3180	1.9403
325	72.3600	1.9415
326	72.4020	1.9432
327	72.4440	1.9442
328	72.4860	1.9455
329	72.5280	1.9472
330	72.5700	1.9482
331	72.6120	1.9500
332	72.6540	1.9510
333	72.6960	1.9528
334	72.7370	1.9538
335	72.7790	1.9550
336	72.8200	1.9567
337	72.8620	1.9577
338	72.9030	1.9595
339	72.9450	1.9605
340	72.9860	1.9623
341	73.0270	1.9633
342	73.0690	1.9650
343	73.1100	1.9660
344	73.1510	1.9677
345	73.1920	1.9688
346	73.2330	1.9700
347	73.2740	1.9717
348	73.3150	1.9728
349	73.3560	1.9745
350	73.3970	1.9757
351	73.4380	1.9773
352	73.4790	1.9783
353	73.5200	1.9798
354	73.5600	1.9810
355	73.6010	1.9827
356	73.6410	1.9838
357	73.6820	1.9853
358	73.7220	1.9865
359	73.7630	1.9883
360	73.8030	1.9893
361	73.8440	1.9910
362	73.8840	1.9920
363	73.9240	1.9938
364	73.9650	1.9948
365	74.0050	1.9965
366	74.0450	1.9977
367	74.0850	1.9993
368	74.1250	2.0003
369	74.1650	2.0020
370	74.2050	2.0037
371	74.2450	2.0047
372	74.2850	2.0063
373	74.3250	2.0073
374	74.3650	2.0090
375	74.4040	2.0102
376	74.4440	2.0118
377	74.4840	2.0130
378	74.5240	2.0145
379	74.5630	2.0157
380	74.6030	2.0172
381	74.6420	2.0188
382	74.6820	2.0200
383	74.7210	2.0217
384	74.7600	2.0228
385	74.8000	2.0243
386	74.8390	2.0253
387	74.8780	2.0270
388	74.9180	2.0282
389	74.9570	2.0297
390	74.9960	2.0313
391	75.0350	2.0323
392	75.0740	2.0340
393	75.1130	2.0350
394	75.1520	2.0367
395	75.1910	2.0378
396	75.2300	2.0395
397	75.2690	2.0412
398	75.3070	2.0422
399	75.3460	2.0437
400	75.3850	2.0448
401	75.4240	2.0465
402	75.4620	2.0480
403	75.5010	2.0492
404	75.5390	2.0508
405	75.5780	2.0518
406	75.6160	2.0535
407	75.6550	2.0552
408	75.6930	2.0560
409	75.7310	2.0578
410	75.7700	2.0588
411	75.8080	2.0603
412	75.8460	2.0620
413	75.8840	2.0632
414	75.9220	2.0648
415	75.9600	2.0658
416	75.9990	2.0675
417	76.0370	2.0690
418	76.0750	2.0700
419	76.1120	2.0715
420	76.1500	2.0732
421	76.1880	2.0743
422	76.2260	2.0760
423	76.2640	2.0770
424	76.3020	2.0785
425	76.3390	2.0802
426	76.3770	2.0813
427	76.4150	2.0828
428	76.4520	2.0845
429	76.4900	2.0855
430	76.5270	2.0870
431	76.5650	2.0887
432	76.6020	2.0897
433	76.6400	2.0915
434	76.6770	2.0923
435	76.7140	2.0940
436	76.7520	2.0955
437	76.7890	2.0967
438	76.8260	2.0983
439	76.8630	2.0998
440	76.9000	2.1008
441	76.9370	2.1025
442	76.9740	2.1042
443	77.0110	2.1052
444	77.0480	2.1067
445	77.0850	2.1083
446	77.1220	2.1093
447	77.1590	2.1110
448	77.1960	2.1125
449	77.2330	2.1135
450	77.2700	2.1152
451	77.3060	2.1162
452	77.3430	2.1177
453	77.3800	2.1193
454	77.4160	2.1203
455	77.4530	2.1220
456	77.4890	2.1235
457	77.5260	2.1245
458	77.5620	2.1262
459	77.5990	2.1277
460	77.6350	2.1287
461	77.6720	2.1303
462	77.7080	2.1320
463	77.7440	2.1330
464	77.7800	2.1345
465	77.8170	2.1362
466	77.8530	2.1370
467	77.8890	2.1387
468	77.9250	2.1403
469	77.9610	2.1418
470	77.9970	2.1428
471	78.0330	2.1445
472	78.0690	2.1462
473	78.1050	2.1472
474	78.1410	2.1487
475	78.1770	2.1503
476	78.2130	2.1513
477	78.2490	2.1530
478	78.2850	2.1545
479	78.3200	2.1555
480	78.3560	2.1570
481	78.3920	2.1587
482	78.4280	2.1595
483	78.4630	2.1612
484	78.4990	2.1627
485	78.5340	2.1638
486	78.5700	2.1653
487	78.6060	2.1668
488	78.6410	2.1687
489	78.6760	2.1695
490	78.7120	2.1710
491	78.7470	2.1727
492	78.7830	2.1737
493	78.8180	2.1753
494	78.8530	2.1768
495	78.8880	2.1778
496	78.9240	2.1795
497	78.9590	2.1810
498	78.9940	2.1820
499	79.0290	2.1835
500	79.0640	2.1850
501	79.0990	2.1867
502	79.1340	2.1877
503	79.1690	2.1892
504	79.2040	2.1908
505	79.2390	2.1918
506	79.2740	2.1933
507	79.3090	2.1950
508	79.3440	2.1960
509	79.3790	2.1975
510	79.4130	2.1992
511	79.4480	2.2007
512	79.4830	2.2017
513	79.5180	2.2032
514	79.5520	2.2047
515	79.5870	2.2057
516	79.6210	2.2073
517	79.6560	2.2088
518	79.6900	2.2105
519	79.7250	2.2113
520	79.7590	2.2130
521	79.7940	2.2145
522	79.8280	2.2155
523	79.8630	2.2172
524	79.8970	2.2187
525	79.9310	2.2202
526	79.9660	2.2212
527	80.0000	2.2227
528	80.0340	2.2243
529	80.0680	2.2253
530	80.1020	2.2268
531	80.1360	2.2285
532	80.1710	2.2300
533	80.2050	2.2308
534	80.2390	2.2325
535	80.2730	2.2340
536	80.3070	2.2350
537	80.3410	2.2365
538	80.3740	2.2382
539	80.4080	2.2398
540	80.4420	2.2407
541	80.4760	2.2423
542	80.5100	2.2437
543	80.5440	2.2447
544	80.5770	2.2462
545	80.6110	2.2478
546	80.6450	2.2493
547	80.6780	2.2505
548	80.7120	2.2520
549	80.7460	2.2535
550	80.7790	2.2550
551	80.8130	2.2560
552	80.8460	2.2575
553	80.8800	2.2592
554	80.9130	2.2600
555	80.9470	2.2617
556	80.9800	2.2632
557	81.0140	2.2648
558	81.0470	2.2657
559	81.0800	2.2672
560	81.1130	2.2688
561	81.1470	2.2703
562	81.1800	2.2713
563	81.2130	2.2728
564	81.2460	2.2743
565	81.2800	2.2758
566	81.3130	2.2768
567	81.3460	2.2785
568	81.3790	2.2800
569	81.4120	2.2810
570	81.4450	2.2825
571	81.4780	2.2840
572	81.5110	2.2857
573	81.5440	2.2865
574	81.5770	2.2882
575	81.6100	2.2895
576	81.6420	2.2912
577	81.6750	2.2920
578	81.7080	2.2937
579	81.7410	2.2952
580	81.7740	2.2968
581	81.8060	2.2977
582	81.8390	2.2993
583	81.8720	2.3008
584	81.9040	2.3017
585	81.9370	2.3033
586	81.9690	2.3048
587	82.0020	2.3063
588	82.0340	2.3072
589	82.0670	2.3087
590	82.0990	2.3103
591	82.1320	2.3120
592	82.1640	2.3128
593	82.1970	2.3143
594	82.2290	2.3160
595	82.2610	2.3175
596	82.2940	2.3183
597	82.3260	2.3200
598	82.3580	2.3215
599	82.3910	2.3230
600	82.4230	2.3240
601	82.4550	2.3253
602	82.4870	2.3270
603	82.5190	2.3285
604	82.5510	2.3295
605	82.5840	2.3312
606	82.6160	2.3325
607	82.6480	2.3342
608	82.6800	2.3350
609	82.7120	2.3365
610	82.7440	2.3382
611	82.7760	2.3395
612	82.8070	2.3405
613	82.8390	2.3422
614	82.8710	2.3437
615	82.9030	2.3453
616	82.9350	2.3460
617	82.9670	2.3477
618	82.9980	2.3492
619	83.0300	2.3500
620	83.0620	2.3517
621	83.0940	2.3532
622	83.1250	2.3547
623	83.1570	2.3557
624	83.1880	2.3572
625	83.2200	2.3587
626	83.2520	2.3602
627	83.2830	2.3610
628	83.3150	2.3627
629	83.3460	2.3642
630	83.3780	2.3658
631	83.4090	2.3667
632	83.4400	2.3682
633	83.4720	2.3697
634	83.5030	2.3713
635	83.5340	2.3722
636	83.5660	2.3737
637	83.5970	2.3753
638	83.6280	2.3768
639	83.6600	2.3775
640	83.6910	2.3792
641	83.7220	2.3807
642	83.7530	2.3823
643	83.7840	2.3832
644	83.8150	2.3847
645	83.8460	2.3862
646	83.8770	2.3878
647	83.9080	2.3885
648	83.9400	2.3902
649	83.9700	2.3918
650	84.0010	2.3932
651	84.0320	2.3942
652	84.0630	2.3957
653	84.0940	2.3972
654	84.1250	2.3987
655	84.1560	2.3995
656	84.1870	2.4012
657	84.2170	2.4025
658	84.2480	2.4042
659	84.2790	2.4050
660	84.3100	2.4065
661	84.3400	2.4082
662	84.3710	2.4097
663	84.4020	2.4105
664	84.4320	2.4120
665	84.4630	2.4135
666	84.4930	2.4152
667	84.5240	2.4160
668	84.5540	2.4175
669	84.5850	2.4190
670	84.6150	2.4205
671	84.6460	2.4213
672	84.6760	2.4230
673	84.7070	2.4245
674	84.7370	2.4260
675	84.7670	2.4268
676	84.7980	2.4283
677	84.8280	2.4300
678	84.8580	2.4315
679	84.8880	2.4322
680	84.9190	2.4338
681	84.9490	2.4353
682	84.9790	2.4370
683	85.0090	2.4378
684	85.0390	2.4392
685	85.0700	2.4408
686	85.1000	2.4423
687	85.1300	2.4432
688	85.1600	2.4447
689	85.1900	2.4462
690	85.2200	2.4478
691	85.2500	2.4485
692	85.2800	2.4502
693	85.3100	2.4517
694	85.3400	2.4525
695	85.3690	2.4540
696	85.3990	2.4555
697	85.4290	2.4570
698	85.4590	2.4580
699	85.4890	2.4595
700	85.5180	2.4608
701	85.5480	2.4625
702	85.5780	2.4633
703	85.6080	2.4648
704	85.6370	2.4663
705	85.6670	2.4678
706	85.6960	2.4688
707	85.7260	2.4703
708	85.7560	2.4718
709	85.7850	2.4733
710	85.8150	2.4742
711	85.8440	2.4757
712	85.8740	2.4772
713	85.9030	2.4787
714	85.9330	2.4795
715	85.9620	2.4810
716	85.9920	2.4825
717	86.0210	2.4840
718	86.0500	2.4850
719	86.0800	2.4865
720	86.1090	2.4880
721	86.1380	2.4895
722	86.1670	2.4903
723	86.1970	2.4918
724	86.2260	2.4933
725	86.2550	2.4942
726	86.2840	2.4957
727	86.3130	2.4972
728	86.3430	2.4988
729	86.3720	2.4995
730	86.4010	2.5010
731	85.7300	2.5023
732	85.7590	2.5037
733	85.7880	2.5053
734	85.8170	2.5067
735	85.8460	2.5077
736	85.8750	2.5092
737	85.9040	2.5107
738	85.9330	2.5122
739	85.9620	2.5130
740	85.9910	2.5145
741	86.0190	2.5162
742	86.0480	2.5168
743	86.0770	2.5183
744	86.1060	2.5200
745	86.1350	2.5215
746	86.1630	2.5222
747	86.1920	2.5237
748	86.2210	2.5253
749	86.2500	2.5268
750	86.2780	2.5277
751	86.3070	2.5292
752	86.3360	2.5305
753	86.3640	2.5315
754	86.3930	2.5330
755	86.4210	2.5345
756	86.4500	2.5360
757	86.4780	2.5368
758	86.5070	2.5383
759	86.5350	2.5398
760	86.5640	2.5413
761	86.5920	2.5422
762	86.6210	2.5438
763	86.6490	2.5453
764	86.6770	2.5462
765	86.7060	2.5475
766	86.7340	2.5490
767	86.7620	2.5505
768	86.7910	2.5515
769	86.8190	2.5530
770	86.8470	2.5543
771	86.8750	2.5558
772	86.9040	2.5568
773	86.9320	2.5583
774	86.9600	2.5597
775	86.9880	2.5607
776	87.0160	2.5622
777	87.0440	2.5635
778	87.0720	2.5652
779	87.1010	2.5658
780	87.1290	2.5675
781	87.1570	2.5688
782	87.1850	2.5698
783	87.2130	2.5712
784	87.2410	2.5728
785	87.2690	2.5742
786	87.2960	2.5752
787	87.3240	2.5765
788	87.3520	2.5782
789	87.3800	2.5790
790	87.4080	2.5803
791	87.4360	2.5820
792	87.4640	2.5835
793	87.4910	2.5842
794	87.5190	2.5857
795	87.5470	2.5873
796	87.5750	2.5888
797	87.6020	2.5895
798	87.6300	2.5910
799	87.6580	2.5925
800	87.6850	2.5933
801	87.7130	2.5948
802	87.7400	2.5965
803	87.7680	2.5978
804	87.7960	2.5987
805	87.8230	2.6002
806	87.8510	2.6017
807	87.8780	2.6025
808	87.9060	2.6038
809	87.9330	2.6053
810	87.9600	2.6062
811	87.9880	2.6077
812	88.0150	2.6092
813	88.0430	2.6108
814	88.0700	2.6117
815	88.0970	2.6132
816	88.1250	2.6145
817	88.1520	2.6153
818	88.1790	2.6168
819	88.2060	2.6185
820	88.2340	2.6198
821	88.2610	2.6207
822	88.2880	2.6220
823	88.3150	2.6237
824	88.3420	2.6245
825	88.3700	2.6258
826	88.3970	2.6275
827	88.4240	2.6288
828	88.4510	2.6297
829	88.4780	2.6312
830	88.5050	2.6327
831	88.5320	2.6335
832	88.5590	2.6350
833	88.5860	2.6365
834	88.6130	2.6372
835	88.6400	2.6388
836	88.6660	2.6402
837	88.6930	2.6417
838	88.7200	2.6425
839	88.7470	2.6440
840	88.7740	2.6455
841	88.8000	2.6462
842	88.8270	2.6478
843	88.8540	2.6493
844	88.8810	2.6502
845	88.9070	2.6515
846	88.9340	2.6530
847	88.9610	2.6545
848	88.9870	2.6553
849	89.0140	2.6567
850	89.0410	2.6582
851	89.0670	2.6590
852	89.0940	2.6607
853	89.1200	2.6620
854	89.1470	2.6628
855	89.1730	2.6643
856	89.2000	2.6658
857	89.2260	2.6673
858	89.2530	2.6682
859	89.2790	2.6697
860	89.3060	2.6712
861	89.3320	2.6718
862	89.3580	2.6733
863	89.3850	2.6748
864	89.4110	2.6757
865	89.4370	2.6770
866	89.4640	2.6785
867	89.4900	2.6793
868	89.5160	2.6807
869	89.5420	2.6823
870	89.5680	2.6838
871	89.5950	2.6845
872	89.6210	2.6860
873	89.6470	2.6875
874	89.6730	2.6883
875	89.6990	2.6897
876	89.7250	2.6913
877	89.7510	2.6920
878	89.7770	2.6935
879	89.8030	2.6950
880	89.8290	2.6958
881	89.8550	2.6972
882	89.8810	2.6987
883	89.9070	2.6995
884	89.9330	2.7010
885	89.9590	2.7023
886	89.9850	2.7033
887	90.0110	2.7047
888	90.0370	2.7062
889	90.0620	2.7075
890	90.0880	2.7085
891	90.1140	2.7100
892	90.1400	2.7113
893	90.1660	2.7122
894	90.1910	2.7137
895	90.2170	2.7150
896	90.2430	2.7158
897	90.2680	2.7173
898	90.2940	2.7187
899	90.3200	2.7195
900	90.3450	2.7210
901	90.3710	2.7225
902	90.3960	2.7232
903	90.4220	2.7247
904	90.4480	2.7262
905	90.4730	2.7270
906	90.4990	2.7285
907	90.5240	2.7300
908	90.5500	2.7308
909	90.5750	2.7323
910	90.6000	2.7337
911	90.6260	2.7343
912	90.6510	2.7358
913	90.6760	2.7375
914	90.7020	2.7380
915	90.7270	2.7397
916	90.7520	2.7412
917	90.7780	2.7418
918	90.8030	2.7433
919	90.8280	2.7448
920	90.8540	2.7455
921	90.8790	2.7470
922	90.9040	2.7483
923	90.9290	2.7492
924	90.9540	2.7507
925	90.9800	2.7522
926	91.0050	2.7528
927	91.0300	2.7543
928	91.0550	2.7558
929	91.0800	2.7567
930	91.1050	2.7580
931	91.1300	2.7597
932	91.1550	2.7603
933	91.1800	2.7617
934	91.2050	2.7633
935	91.2300	2.7640
936	91.2550	2.7653
937	91.2800	2.7670
938	91.3050	2.7677
939	91.3300	2.7692
940	91.3540	2.7705
941	91.3790	2.7713
942	91.4040	2.7728
943	91.4290	2.7743
944	91.4540	2.7750
945	91.4790	2.7765
946	91.5040	2.7778
947	91.5280	2.7787
948	91.5530	2.7800
949	91.5780	2.7817
950	91.6020	2.7823
951	91.6270	2.7838
952	91.6520	2.7847
953	91.6760	2.7860
954	91.7010	2.7875
955	91.7260	2.7882
956	91.7500	2.7897
957	91.7750	2.7912
958	91.8000	2.7918
959	91.8240	2.7933
960	91.8490	2.7948
961	91.8730	2.7957
962	91.8980	2.7970
963	91.9220	2.7985
964	91.9470	2.7992
965	91.9710	2.8007
966	91.9960	2.8022
967	92.0200	2.8030
968	92.0440	2.8043
969	92.0690	2.8050
970	92.0930	2.8065
971	92.1180	2.8082
972	92.1420	2.8087
973	92.1660	2.8102
974	92.1910	2.8117
975	92.2150	2.8123
976	92.2390	2.8138
977	92.2640	2.8152
978	92.2880	2.8160
979	92.3120	2.8177
980	92.3360	2.8183
981	92.3600	2.8198
982	92.3850	2.8212
983	92.4090	2.8220
984	92.4330	2.8233
985	92.4570	2.8248
986	92.4810	2.8255
987	92.5050	2.8270
988	92.5300	2.8285
989	92.5540	2.8292
990	92.5780	2.8307
991	92.6020	2.8313
992	92.6260	2.8328
993	92.6500	2.8343
994	92.6740	2.8350
995	92.6980	2.8363
996	92.7220	2.8380
997	92.7460	2.8387
998	92.7700	2.8400
999	92.7940	2.8408
1000	92.8180	2.8423
1001	92.8420	2.8438
1002	92.8660	2.8445
1003	92.8900	2.8458
1004	92.9140	2.8475
1005	92.9370	2.8482
1006	92.9610	2.8497
1007	92.9850	2.8503
1008	93.0090	2.8517
1009	93.0330	2.8532
1010	93.0560	2.8538
1011	93.0800	2.8555
1012	93.1040	2.8568
1013	93.1280	2.8577
1014	93.1520	2.8592
1015	93.1750	2.8598
1016	93.1990	2.8613
1017	93.2230	2.8627
1018	93.2460	2.8635
1019	93.2700	2.8648
1020	93.2940	2.8657
1021	93.3180	2.8672
1022	93.3410	2.8685
1023	93.3650	2.8692
1024	93.3880	2.8707
1025	93.4120	2.8713
1026	93.4360	2.8728
1027	93.4590	2.8743
1028	93.4830	2.8750
1029	93.5060	2.8765
1030	93.5300	2.8778
1031	93.5530	2.8785
1032	93.5770	2.8800
1033	93.6000	2.8808
1034	93.6240	2.8823
1035	93.6470	2.8837
1036	93.6710	2.8843
1037	93.6940	2.8858
1038	93.7180	2.8865
1039	93.7410	2.8880
1040	93.7650	2.8895
1041	93.7880	2.8903
1042	93.8110	2.8917
1043	93.8350	2.8923
1044	93.8580	2.8938
1045	93.8810	2.8952
1046	93.9050	2.8960
1047	93.9280	2.8973
1048	93.9510	2.8982
1049	93.9750	2.8997
1050	93.9980	2.9010
1051	94.0210	2.9018
1052	94.0450	2.9032
1053	94.0680	2.9040
1054	94.0910	2.9053
1055	94.1140	2.9068
1056	94.1380	2.9075
1057	94.1610	2.9090
1058	94.1840	2.9097
1059	94.2070	2.9112
1060	94.2300	2.9127
1061	94.2540	2.9132
1062	94.2770	2.9148
1063	94.3000	2.9155
1064	94.3230	2.9170
1065	94.3460	2.9183
1066	94.3690	2.9190
1067	94.3920	2.9205
1068	94.4150	2.9212
1069	94.4380	2.9227
1070	94.4620	2.9235
1071	94.4840	2.9248
1072	94.5080	2.9262
1073	94.5310	2.9270
1074	94.5540	2.9285
1075	94.5770	2.9292
1076	94.6000	2.9305
1077	94.6230	2.9322
1078	94.6460	2.9328
1079	94.6680	2.9342
1080	94.6910	2.9348
1081	94.7140	2.9365
1082	94.7370	2.9378
1083	94.7600	2.9385
1084	94.7830	2.9400
1085	94.8060	2.9407
1086	94.8290	2.9422
1087	94.8520	2.9428
1088	94.8750	2.9443
1089	94.8980	2.9458
1090	94.9200	2.9465
1091	94.9430	2.9478
1092	94.9660	2.9487
1093	94.9890	2.9500
1094	95.0120	2.9508
1095	95.0340	2.9522
1096	95.0570	2.9537
1097	95.0800	2.9543
1098	95.1030	2.9558
1099	95.1250	2.9565
1100	95.1480	2.9580
1101	95.1710	2.9587
1102	95.1940	2.9602
1103	95.2160	2.9615
1104	95.2390	2.9623
1105	95.2620	2.9637
1106	95.2840	2.9645
1107	95.3070	2.9660
1108	95.3300	2.9665
1109	95.3520	2.9680
1110	95.3750	2.9693
1111	95.3980	2.9702
1112	95.4200	2.9717
1113	95.4430	2.9723
1114	95.4650	2.9738
1115	95.4880	2.9743
1116	95.5100	2.9758
1117	95.5330	2.9773
1118	95.5560	2.9780
1119	95.5780	2.9795
1120	95.6010	2.9802
1121	95.6230	2.9817
1122	95.6460	2.9823
1123	95.6680	2.9837
1124	95.6910	2.9852
1125	95.7130	2.9860
1126	95.7360	2.9873
1127	95.7580	2.9880
1128	95.7800	2.9895
1129	95.8030	2.9903
1130	95.8250	2.9915
1131	95.8480	2.9923
1132	95.8700	2.9938
1133	95.8930	2.9952
1134	95.9150	2.9960
1135	95.9370	2.9973
1136	95.9600	2.9980
1137	95.9820	2.9995
1138	96.0040	3.0002
1139	96.0270	3.0017
1140	96.0490	3.0030
1141	96.0710	3.0038
1142	96.0940	3.0052
1143	96.1160	3.0060
1144	96.1380	3.0073
1145	96.1610	3.0082
1146	96.1830	3.0095
1147	96.2050	3.0102
1148	96.2270	3.0117
1149	96.2500	3.0125
1150	96.2720	3.0138
1151	96.2940	3.0153
1152	96.3160	3.0160
1153	96.3380	3.0173
1154	96.3610	3.0182
1155	96.3830	3.0195
1156	96.4050	3.0202
1157	96.4270	3.0217
1158	96.4490	3.0223
1159	96.4710	3.0238
1160	96.4930	3.0252
1161	96.5160	3.0258
1162	96.5380	3.0273
1163	96.5600	3.0280
1164	96.5820	3.0295
1165	96.6040	3.0302
1166	96.6260	3.0317
1167	96.6480	3.0323
1168	96.6700	3.0337
1169	96.6920	3.0343
1170	96.7140	3.0360
1171	96.7360	3.0373
1172	96.7580	3.0380
1173	96.7800	3.0395
1174	96.8020	3.0402
1175	96.8240	3.0417
1176	96.8460	3.0423
1177	96.8680	3.0437
1178	96.8900	3.0443
1179	96.9120	3.0458
1180	96.9340	3.0465
1181	96.9560	3.0480
1182	96.9780	3.0487
1183	97.0000	3.0502
1184	97.0220	3.0515
1185	97.0430	3.0522
1186	97.0650	3.0537
1187	97.0870	3.0543
1188	97.1090	3.0557
1189	97.1310	3.0565
1190	97.1530	3.0578
1191	97.1740	3.0585
1192	97.1960	3.0600
1193	97.2180	3.0607
1194	97.2400	3.0622
1195	97.2620	3.0628
1196	97.2830	3.0643
1197	97.3050	3.0657
1198	97.3270	3.0663
1199	97.3490	3.0678
1200	97.3700	3.0685
1201	97.3920	3.0700
1202	97.4140	3.0707
1203	97.4360	3.0722
1204	97.4570	3.0728
1205	97.4790	3.0743
1206	97.5010	3.0748
1207	97.5220	3.0763
1208	97.5440	3.0770
1209	97.5660	3.0785
1210	97.5870	3.0792
1211	97.6090	3.0807
1212	97.6310	3.0812
1213	97.6520	3.0827
1214	97.6740	3.0842
1215	97.6950	3.0848
1216	97.7170	3.0863
1217	97.7380	3.0868
1218	97.7600	3.0883
1219	97.7820	3.0892
1220	97.8030	3.0905
1221	97.8250	3.0912
1222	97.8460	3.0927
1223	97.8680	3.0933
1224	97.8890	3.0948
1225	97.9110	3.0955
1226	97.9320	3.0968
1227	97.9540	3.0977
1228	97.9750	3.0990
1229	97.9970	3.0997
1230	98.0180	3.1012
1231	98.0400	3.1018
1232	98.0610	3.1033
1233	98.0820	3.1038
1234	98.1040	3.1053
1235	98.1250	3.1060
1236	98.1470	3.1075
1237	98.1680	3.1090
1238	98.1900	3.1095
1239	98.2110	3.1110
1240	98.2320	3.1117
1241	98.2540	3.1132
1242	98.2750	3.1138
1243	98.2960	3.1152
1244	98.3180	3.1158
1245	98.3390	3.1173
1246	98.3600	3.1180
1247	98.3820	3.1195
1248	98.4030	3.1202
1249	98.4240	3.1217
1250	98.4450	3.1223
1251	98.4670	3.1238
1252	98.4880	3.1243
1253	98.5090	3.1258
1254	98.5300	3.1265
1255	98.5520	3.1278
1256	98.5730	3.1287
1257	98.5940	3.1300
1258	98.6150	3.1307
1259	98.6360	3.1322
1260	98.6580	3.1328
1261	98.6790	3.1342
1262	98.7000	3.1350
1263	98.7210	3.1363
1264	98.7420	3.1370
1265	98.7630	3.1385
1266	98.7840	3.1392
1267	98.8050	3.1405
1268	98.8260	3.1412
1269	98.8480	3.1428
1270	98.8690	3.1433
1271	98.8900	3.1448
1272	98.9110	3.1455
1273	98.9320	3.1470
1274	98.9530	3.1483
1275	98.9740	3.1490
1276	98.9950	3.1503
1277	99.0160	3.1510
1278	99.0370	3.1527
1279	99.0580	3.1533
1280	99.0790	3.1547
1281	99.1000	3.1553
1282	99.1210	3.1568
1283	99.1420	3.1575
1284	99.1630	3.1588
1285	99.1840	3.1595
1286	99.2050	3.1610
1287	99.2260	3.1615
1288	99.2460	3.1632
1289	99.2670	3.1638
1290	99.2880	3.1652
1291	99.3090	3.1658
1292	99.3300	3.1673
1293	99.3510	3.1680
1294	99.3720	3.1693
1295	99.3930	3.1702
1296	99.4130	3.1715
1297	99.4340	3.1722
1298	99.4550	3.1737
1299	99.4760	3.1743
1300	99.4970	3.1757
1301	99.5170	3.1763
1302	99.5380	3.1778
1303	99.5590	3.1783
1304	99.5800	3.1798
1305	99.6000	3.1805
1306	99.6210	3.1820
1307	99.6420	3.1827
1308	99.6630	3.1842
1309	99.6830	3.1848
1310	99.7040	3.1862
1311	99.7250	3.1868
1312	99.7460	3.1882
1313	99.7660	3.1890
1314	99.7870	3.1903
1315	99.8080	3.1912
1316	99.8280	3.1925
1317	99.8490	3.1932
1318	99.8700	3.1945
1319	99.8900	3.1953
1320	99.9110	3.1967
1321	99.9310	3.1973
1322	99.9520	3.1980
1323	99.9720	3.1995
1324	99.9930	3.2000
1325	100.0140	3.2015
1326	100.0340	3.2022
1327	100.0550	3.2037
1328	100.0750	3.2042
1329	100.0960	3.2057
1330	100.1160	3.2063
1331	100.1370	3.2077
1332	100.1570	3.2085
1333	100.1780	3.2098
1334	100.1980	3.2105
1335	100.2190	3.2120
1336	100.2390	3.2125
1337	100.2600	3.2140
1338	100.2800	3.2147
1339	100.3010	3.2162
1340	100.3210	3.2168
1341	100.3420	3.2182
1342	100.3620	3.2190
1343	100.3820	3.2203
1344	100.4030	3.2210
1345	100.4230	3.2223
1346	100.4440	3.2232
1347	100.4640	3.2243
1348	100.4840	3.2252
1349	100.5050	3.2265
1350	100.5250	3.2273
1351	100.5450	3.2287
1352	100.5660	3.2293
1353	100.5860	3.2307
1354	100.6060	3.2313
1355	100.6270	3.2328
1356	100.6470	3.2335
1357	100.6670	3.2350
1358	100.6880	3.2355
1359	100.7080	3.2370
1360	100.7280	3.2377
1361	100.7480	3.2390
1362	100.7680	3.2398
1363	100.7890	3.2403
1364	100.8090	3.2418
1365	100.8290	3.2423
1366	100.8490	3.2438
1367	100.8700	3.2445
1368	100.8900	3.2460
1369	100.9100	3.2467
1370	100.9300	3.2480
1371	100.9500	3.2487
1372	100.9700	3.2502
1373	100.9900	3.2508
1374	101.0110	3.2522
1375	101.0310	3.2528
1376	101.0510	3.2543
1377	101.0710	3.2550
1378	101.0910	3.2563
1379	101.1110	3.2570
1380	101.1310	3.2585
1381	101.1510	3.2592
1382	101.1710	3.2605
1383	101.1920	3.2612
1384	101.2120	3.2625
1385	101.2320	3.2632
1386	101.2520	3.2647
1387	101.2720	3.2653
1388	101.2920	3.2660
1389	101.3120	3.2673
1390	101.3320	3.2680
1391	101.3520	3.2695
1392	101.3720	3.2702
1393	101.3920	3.2715
1394	101.4120	3.2722
1395	101.4320	3.2735
1396	101.4520	3.2742
1397	101.4710	3.2757
1398	101.4910	3.2763
1399	101.5110	3.2778
1400	101.5310	3.2783
1401	101.5510	3.2798
1402	101.5710	3.2803
1403	101.5910	3.2820
1404	101.6110	3.2825
1405	101.6310	3.2840
1406	101.6500	3.2845
1407	101.6700	3.2852
1408	101.6900	3.2867
1409	101.7100	3.2873
1410	101.7300	3.2887
1411	101.7500	3.2895
1412	101.7700	3.2908
1413	101.7890	3.2915
1414	101.8090	3.2930
1415	101.8290	3.2937
1416	101.8490	3.2950
1417	101.8680	3.2955
1418	101.8880	3.2970
1419	101.9080	3.2977
1420	101.9280	3.2992
1421	101.9480	3.2998
1422	101.9670	3.3012
1423	101.9870	3.3017
1424	102.0070	3.3025
1425	102.0260	3.3038
1426	102.0460	3.3047
1427	102.0660	3.3060
1428	102.0860	3.3065
1429	102.1050	3.3080
1430	102.1250	3.3087
1431	102.1450	3.3102
1432	102.1640	3.3107
1433	102.1840	3.3122
1434	102.2040	3.3128
1435	102.2230	3.3142
1436	102.2430	3.3148
1437	102.2620	3.3155
1438	102.2820	3.3170
1439	102.3020	3.3175
1440	102.3210	3.3190
1441	102.3410	3.3197
1442	102.3600	3.3212
1443	102.3800	3.3217
1444	102.4000	3.3232
1445	102.4190	3.3237
1446	102.4390	3.3252
1447	102.4580	3.3258
1448	102.4780	3.3273
1449	102.4970	3.3278
1450	102.5170	3.3285
1451	102.5360	3.3298
1452	102.5560	3.3307
1453	102.5750	3.3320
1454	102.5950	3.3327
1455	102.6140	3.3342
1456	102.6340	3.3347
1457	102.6530	3.3362
1458	102.6730	3.3368
1459	102.6920	3.3382
1460	102.7120	3.3388
1461	102.7310	3.3403
1462	102.7510	3.3408
1463	102.7700	3.3417
1464	102.7900	3.3428
1465	102.8090	3.3437
1466	102.8280	3.3450
1467	102.8480	3.3457
1468	102.8670	3.3470
1469	102.8860	3.3478
1470	102.9060	3.3492
1471	102.9250	3.3497
1472	102.9450	3.3512
1473	102.9640	3.3517
1474	102.9830	3.3525
1475	103.0030	3.3538
1476	103.0220	3.3547
1477	103.0410	3.3558
1478	103.0610	3.3565
1479	103.0800	3.3580
1480	103.0990	3.3587
1481	103.1190	3.3602
1482	103.1380	3.3607
1483	103.1570	3.3622
1484	103.1760	3.3628
1485	103.1960	3.3633
1486	103.2150	3.3648
1487	103.2340	3.3655
1488	103.2540	3.3668
1489	103.2730	3.3675
1490	103.2920	3.3690
1491	103.3110	3.3695
1492	103.3310	3.3710
1493	103.3500	3.3717
1494	103.3690	3.3730
1495	103.3880	3.3737
1496	103.4070	3.3742
1497	103.4270	3.3758
1498	103.4460	3.3763
1499	103.4650	3.3777
1500	103.4840	3.3783
1501	103.5030	3.3798
1502	103.5220	3.3805
1503	103.5420	3.3818
1504	103.5610	3.3825
1505	103.5800	3.3830
1506	103.5990	3.3847
1507	103.6180	3.3852
1508	103.6370	3.3865
1509	103.6560	3.3872
1510	103.6760	3.3887
1511	103.6950	3.3893
1512	103.7140	3.3907
1513	103.7330	3.3913
1514	103.7520	3.3920
1515	103.7710	3.3933
1516	103.7900	3.3940
1517	103.8090	3.3955
1518	103.8280	3.3960
1519	103.8470	3.3975
1520	103.8660	3.3982
1521	103.8850	3.3995
1522	103.9040	3.4002
1523	103.9240	3.4008
1524	103.9420	3.4022
1525	103.9620	3.4028
1526	103.9810	3.4042
1527	104.0000	3.4048
1528	104.0190	3.4063
1529	104.0380	3.4068
1530	104.0560	3.4085
1531	104.0760	3.4088
1532	104.0940	3.4095
1533	104.1140	3.4112
1534	104.1320	3.4117
1535	104.1510	3.4132
1536	104.1700	3.4137
1537	104.1890	3.4152
1538	104.2080	3.4157
1539	104.2270	3.4163
1540	104.2460	3.4178
1541	104.2650	3.4183
1542	104.2840	3.4198
1543	104.3030	3.4205
1544	104.3220	3.4218
1545	104.3410	3.4225
1546	104.3600	3.4238
1547	104.3780	3.4245
1548	104.3970	3.4252
1549	104.4160	3.4267
1550	104.4350	3.4273
1551	104.4540	3.4287
1552	104.4730	3.4293
1553	104.4920	3.4308
1554	104.5100	3.4313
1555	104.5290	3.4320
1556	104.5480	3.4333
1557	104.5670	3.4340
1558	104.5860	3.4355
1559	104.6040	3.4362
1560	104.6230	3.4375
1561	104.6420	3.4380
1562	104.6610	3.4395
1563	104.6800	3.4402
1564	104.6980	3.4408
1565	104.7170	3.4422
1566	104.7360	3.4427
1567	104.7550	3.4442
1568	104.7740	3.4448
1569	104.7920	3.4463
1570	104.8110	3.4470
1571	104.8300	3.4475
1572	104.8480	3.4488
1573	104.8670	3.4495
1574	104.8860	3.4510
1575	104.9050	3.4515
1576	104.9230	3.4530
1577	104.9420	3.4537
1578	104.9610	3.4542
1579	104.9790	3.4557
1580	104.9980	3.4563
1581	105.0170	3.4578
1582	105.0350	3.4583
1583	105.0540	3.4597
1584	105.0730	3.4603
1585	105.0910	3.4610
1586	105.1100	3.4623
1587	105.1290	3.4630
1588	105.1470	3.4645
1589	105.1660	3.4650
1590	105.1850	3.4665
1591	105.2030	3.4672
1592	105.2220	3.4677
1593	105.2400	3.4692
1594	105.2590	3.4697
1595	105.2780	3.4712
1596	105.2960	3.4718
1597	105.3150	3.4733
1598	105.3330	3.4738
1599	105.3520	3.4743
1600	105.3700	3.4758
1601	105.3890	3.4767
1602	105.4080	3.4778
1603	105.4260	3.4787
1604	105.4450	3.4800
1605	105.4630	3.4807
1606	105.4820	3.4812
1607	105.5000	3.4827
1608	105.5190	3.4833
1609	105.5370	3.4848
1610	105.5560	3.4853
1611	105.5740	3.4868
1612	105.5930	3.4873
1613	105.6110	3.4878
1614	105.6300	3.4893
1615	105.6480	3.4900
1616	105.6670	3.4913
1617	105.6850	3.4920
1618	105.7040	3.4935
1619	105.7220	3.4940
1620	105.7410	3.4947
1621	105.7590	3.4960
1622	105.7780	3.4968
1623	105.7960	3.4980
1624	105.8140	3.4988
1625	105.8330	3.4993
1626	105.8510	3.5008
1627	105.8700	3.5015
1628	105.8880	3.5030
1629	105.9060	3.5035
1630	105.9250	3.5048
1631	105.9430	3.5055
1632	105.9620	3.5062
1633	105.9800	3.5077
1634	105.9980	3.5082
1635	106.0170	3.5095
1636	106.0350	3.5102
1637	106.0530	3.5115
1638	106.0720	3.5122
1639	106.0900	3.5128
1640	106.1080	3.5142
1641	106.1270	3.5148
1642	106.1450	3.5163
1643	106.1630	3.5168
1644	106.1820	3.5175
1645	106.2000	3.5190
1646	106.2180	3.5195
1647	106.2370	3.5210
1648	106.2550	3.5217
1649	106.2730	3.5230
1650	106.2920	3.5235
1651	106.3100	3.5242
1652	106.3280	3.5257
1653	106.3460	3.5262
1654	106.3640	3.5278
1655	106.3830	3.5283
1656	106.4010	3.5290
1657	106.4190	3.5303
1658	106.4380	3.5308
1659	106.4560	3.5323
1660	106.4740	3.5330
1661	106.4920	3.5343
1662	106.5100	3.5350
1663	106.5280	3.5355
1664	106.5470	3.5370
1665	106.5650	3.5377
1666	106.5830	3.5390
1667	106.6010	3.5397
1668	106.6200	3.5402
1669	106.6380	3.5418
1670	106.6560	3.5423
1671	106.6740	3.5437
1672	106.6920	3.5443
1673	106.7100	3.5458
1674	106.7280	3.5465
1675	106.7460	3.5468
1676	106.7650	3.5485
1677	106.7830	3.5490
1678	106.8010	3.5503
1679	106.8190	3.5510
1680	106.8370	3.5517
1681	106.8550	3.5530
1682	106.8730	3.5537
1683	106.8910	3.5552
1684	106.9090	3.5558
1685	106.9280	3.5562
1686	106.9460	3.5578
1687	106.9640	3.5583
1688	106.9820	3.5598
1689	107.0000	3.5603
1690	107.0180	3.5618
1691	107.0360	3.5623
1692	107.0540	3.5630
1693	107.0720	3.5643
1694	107.0900	3.5650
1695	107.1080	3.5663
1696	107.1260	3.5670
1697	107.1440	3.5677
1698	107.1620	3.5690
1699	107.1800	3.5697
1700	107.1980	3.5710
1701	107.2160	3.5717
1702	107.2340	3.5723
1703	107.2520	3.5737
1704	107.2700	3.5743
1705	107.2880	3.5758
1706	107.3060	3.5763
1707	107.3240	3.5778
1708	107.3420	3.5785
1709	107.3600	3.5790
1710	107.3780	3.5805
1711	107.3950	3.5810
1712	107.4130	3.5825
1713	107.4310	3.5830
1714	107.4490	3.5837
1715	107.4670	3.5850
1716	107.4850	3.5857
1717	107.5030	3.5872
1718	107.5210	3.5877
1719	107.5390	3.5883
1720	107.5560	3.5898
1721	107.5740	3.5903
1722	107.5920	3.5917
1723	107.6100	3.5923
1724	107.6280	3.5930
1725	107.6460	3.5943
1726	107.6640	3.5950
1727	107.6810	3.5965
1728	107.6990	3.5970
1729	107.7170	3.5983
1730	107.7350	3.5990
1731	107.7530	3.5997
1732	107.7700	3.6012
1733	107.7880	3.6017
1734	107.8060	3.6030
1735	107.8240	3.6037
1736	107.8420	3.6042
1737	107.8590	3.6057
1738	107.8770	3.6063
1739	107.8950	3.6077
1740	107.9130	3.6083
1741	107.9300	3.6088
1742	107.9480	3.6103
1743	107.9660	3.6110
1744	107.9840	3.6123
1745	108.0010	3.6128
1746	108.0190	3.6137
1747	108.0370	3.6150
1748	108.0540	3.6155
1749	108.0720	3.6170
1750	108.0900	3.6177
1751	108.1080	3.6182
1752	108.1250	3.6197
1753	108.1430	3.6203
1754	108.1610	3.6217
1755	108.1780	3.6222
1756	108.1960	3.6227
1757	108.2140	3.6242
1758	108.2310	3.6248
1759	108.2490	3.6263
1760	108.2670	3.6268
1761	108.2840	3.6283
1762	108.3020	3.6290
1763	108.3200	3.6295
1764	108.3370	3.6310
1765	108.3550	3.6315
1766	108.3720	3.6328
1767	108.3900	3.6335
1768	108.4080	3.6342
1769	108.4250	3.6357
1770	108.4430	3.6362
1771	108.4600	3.6375
1772	108.4780	3.6382
1773	108.4950	3.6388
1774	108.5130	3.6403
1775	108.5310	3.6408
1776	108.5480	3.6422
1777	108.5660	3.6428
1778	108.5830	3.6433
1779	108.6010	3.6448
1780	108.6180	3.6453
1781	108.6360	3.6468
1782	108.6530	3.6475
1783	108.6710	3.6480
1784	108.6880	3.6495
1785	108.7060	3.6500
1786	108.7230	3.6515
1787	108.7410	3.6520
1788	108.7580	3.6527
1789	108.7760	3.6540
1790	108.7930	3.6547
1791	108.8110	3.6560
1792	108.8280	3.6567
1793	108.8460	3.6572
1794	108.8630	3.6587
1795	108.8810	3.6592
1796	108.8980	3.6607
1797	108.9160	3.6612
1798	108.9330	3.6618
1799	108.9500	3.6632
1800	108.9680	3.6638
1801	108.9850	3.6653
1802	109.0030	3.6658
1803	109.0200	3.6663
1804	109.0370	3.6678
1805	109.0550	3.6685
1806	109.0720	3.6700
1807	109.0900	3.6705
1808	109.1070	3.6710
1809	109.1240	3.6725
1810	109.1420	3.6732
1811	109.1590	3.6747
1812	109.1760	3.6752
1813	109.1940	3.6757
1814	109.2110	3.6772
1815	109.2280	3.6778
1816	109.2460	3.6792
1817	109.2630	3.6797
1818	109.2800	3.6802
1819	109.2980	3.6817
1820	109.3150	3.6823
1821	109.3320	3.6838
1822	109.3500	3.6843
1823	109.3670	3.6850
1824	109.3840	3.6863
1825	109.4020	3.6868
1826	109.4190	3.6875
1827	109.4360	3.6890
1828	109.4540	3.6895
1829	109.4710	3.6910
1830	109.4880	3.6917
1831	109.5050	3.6922
1832	109.5220	3.6935
1833	109.5400	3.6942
1834	109.5570	3.6957
1835	109.5740	3.6962
1836	109.5920	3.6968
1837	109.6090	3.6982
1838	109.6260	3.6987
1839	109.6430	3.7002
1840	109.6600	3.7008
1841	109.6780	3.7013
1842	109.6950	3.7028
1843	109.7120	3.7033
1844	109.7290	3.7048
1845	109.7460	3.7055
1846	109.7640	3.7058
1847	109.7810	3.7073
1848	109.7980	3.7080
1849	109.8150	3.7093
1850	109.8320	3.7100
1851	109.8490	3.7105
1852	109.8670	3.7120
1853	109.8840	3.7125
1854	109.9010	3.7140
1855	109.9180	3.7147
1856	109.9350	3.7152

