Day	P50	StdDev
0	13.4070	1.0113
1	13.3980	1.0107
2	13.3880	1.0105
3	13.3790	1.0107
4	13.3700	1.0112
5	13.3610	1.0123
6	13.3510	1.0138
7	13.3420	1.0158
8	13.3840	1.0138
9	13.4260	1.0117
10	13.4690	1.0097
11	13.5110	1.0073
12	13.5530	1.0050
13	13.5950	1.0030
14	13.6380	1.0005
15	13.7170	1.0025
16	13.8010	1.0048
17	13.8850	1.0075
18	13.9710	1.0103
19	14.0560	1.0135
20	14.1400	1.0165
21	14.2240	1.0197
22	14.3060	1.0228
23	14.3880	1.0260
24	14.4680	1.0290
25	14.5460	1.0323
26	14.6220	1.0353
27	14.6980	1.0385
28	14.7710	1.0415
29	14.8440	1.0445
30	14.9140	1.0475
31	14.9820	1.0503
32	15.0480	1.0528
33	15.1130	1.0557
34	15.1750	1.0582
35	15.2360	1.0608
36	15.2940	1.0632
37	15.3510	1.0655
38	15.4060	1.0678
39	15.4600	1.0700
40	15.5120	1.0720
41	15.5620	1.0740
42	15.6110	1.0760
43	15.6580	1.0778
44	15.7040	1.0798
45	15.7490	1.0817
46	15.7930	1.0832
47	15.8350	1.0848
48	15.8770	1.0867
49	15.9170	1.0882
50	15.9560	1.0898
51	15.9940	1.0912
52	16.0310	1.0927
53	16.0670	1.0938
54	16.1020	1.0952
55	16.1370	1.0965
56	16.1700	1.0978
57	16.2020	1.0988
58	16.2340	1.1002
59	16.2640	1.1012
60	16.2940	1.1023
61	16.3230	1.1033
62	16.3510	1.1045
63	16.3790	1.1053
64	16.4050	1.1063
65	16.4310	1.1072
66	16.4560	1.1080
67	16.4810	1.1088
68	16.5040	1.1097
69	16.5270	1.1103
70	16.5490	1.1110
71	16.5710	1.1118
72	16.5920	1.1123
73	16.6120	1.1130
74	16.6320	1.1137
75	16.6510	1.1142
76	16.6700	1.1147
77	16.6880	1.1152
78	16.7060	1.1157
79	16.7230	1.1162
80	16.7400	1.1165
81	16.7560	1.1170
82	16.7720	1.1173
83	16.7870	1.1177
84	16.8020	1.1182
85	16.8160	1.1185
86	16.8300	1.1188
87	16.8440	1.1192
88	16.8570	1.1193
89	16.8700	1.1197
90	16.8830	1.1200
91	16.8950	1.1202
92	16.9070	1.1205
93	16.9190	1.1207
94	16.9300	1.1210
95	16.9410	1.1210
96	16.9520	1.1212
97	16.9620	1.1215
98	16.9720	1.1217
99	16.9820	1.1218
100	16.9920	1.1220
101	17.0020	1.1222
102	17.0110	1.1222
103	17.0200	1.1223
104	17.0290	1.1223
105	17.0380	1.1225
106	17.0460	1.1225
107	17.0540	1.1228
108	17.0620	1.1228
109	17.0700	1.1230
110	17.0780	1.1228
111	17.0860	1.1232
112	17.0930	1.1230
113	17.1000	1.1232
114	17.1070	1.1232
115	17.1140	1.1233
116	17.1210	1.1232
117	17.1280	1.1233
118	17.1340	1.1233
119	17.1410	1.1233
120	17.1470	1.1233
121	17.1530	1.1233
122	17.1590	1.1235
123	17.1650	1.1235
124	17.1710	1.1235
125	17.1770	1.1233
126	17.1820	1.1235
127	17.1880	1.1235
128	17.1930	1.1235
129	17.1990	1.1235
130	17.2040	1.1237
131	17.2090	1.1235
132	17.2140	1.1235
133	17.2190	1.1235
134	17.2230	1.1233
135	17.2280	1.1235
136	17.2330	1.1235
137	17.2370	1.1233
138	17.2410	1.1233
139	17.2460	1.1233
140	17.2500	1.1232
141	17.2540	1.1233
142	17.2580	1.1232
143	17.2620	1.1233
144	17.2650	1.1230
145	17.2690	1.1232
146	17.2720	1.1228
147	17.2760	1.1228
148	17.2790	1.1228
149	17.2820	1.1227
150	17.2850	1.1228
151	17.2880	1.1227
152	17.2910	1.1225
153	17.2940	1.1227
154	17.2970	1.1223
155	17.3000	1.1222
156	17.3020	1.1222
157	17.3050	1.1220
158	17.3070	1.1220
159	17.3100	1.1220
160	17.3120	1.1218
161	17.3140	1.1217
162	17.3160	1.1217
163	17.3180	1.1213
164	17.3200	1.1212
165	17.3220	1.1210
166	17.3240	1.1210
167	17.3250	1.1208
168	17.3270	1.1208
169	17.3280	1.1207
170	17.3300	1.1205
171	17.3310	1.1203
172	17.3330	1.1202
173	17.3340	1.1202
174	17.3350	1.1200
175	17.3360	1.1198
176	17.3370	1.1197
177	17.3380	1.1195
178	17.3390	1.1192
179	17.3400	1.1193
180	17.3410	1.1190
181	17.3410	1.1188
182	17.3420	1.1187
183	17.3420	1.1183
184	17.3430	1.1183
185	17.3430	1.1182
186	17.3440	1.1178
187	17.3440	1.1177
188	17.3440	1.1175
189	17.3440	1.1173
190	17.3440	1.1172
191	17.3440	1.1170
192	17.3440	1.1167
193	17.3440	1.1165
194	17.3440	1.1163
195	17.3440	1.1160
196	17.3430	1.1158
197	17.3430	1.1157
198	17.3430	1.1155
199	17.3420	1.1152
200	17.3420	1.1152
201	17.3410	1.1147
202	17.3400	1.1147
203	17.3400	1.1143
204	17.3390	1.1140
205	17.3380	1.1138
206	17.3370	1.1135
207	17.3360	1.1133
208	17.3350	1.1132
209	17.3340	1.1128
210	17.3330	1.1125
211	17.3310	1.1123
212	17.3300	1.1122
213	17.3290	1.1118
214	17.3280	1.1117
215	17.3260	1.1112
216	17.3250	1.1112
217	17.3230	1.1107
218	17.3220	1.1107
219	17.3200	1.1102
220	17.3180	1.1100
221	17.3160	1.1095
222	17.3150	1.1093
223	17.3130	1.1092
224	17.3110	1.1088
225	17.3090	1.1085
226	17.3070	1.1082
227	17.3050	1.1082
228	17.3030	1.1077
229	17.3010	1.1073
230	17.2980	1.1070
231	17.2960	1.1067
232	17.2940	1.1063
233	17.2920	1.1062
234	17.2890	1.1058
235	17.2870	1.1055
236	17.2840	1.1052
237	17.2820	1.1050
238	17.2790	1.1047
239	17.2770	1.1042
240	17.2740	1.1040
241	17.2720	1.1037
242	17.2690	1.1033
243	17.2660	1.1032
244	17.2630	1.1027
245	17.2600	1.1025
246	17.2580	1.1020
247	17.2550	1.1017
248	17.2520	1.1015
249	17.2490	1.1010
250	17.2460	1.1007
251	17.2430	1.1003
252	17.2400	1.1002
253	17.2370	1.0998
254	17.2340	1.0993
255	17.2310	1.0990
256	17.2270	1.0987
257	17.2240	1.0982
258	17.2210	1.0980
259	17.2180	1.0977
260	17.2140	1.0972
261	17.2110	1.0968
262	17.2080	1.0965
263	17.2040	1.0963
264	17.2010	1.0960
265	17.1980	1.0955
266	17.1940	1.0952
267	17.1910	1.0948
268	17.1870	1.0945
269	17.1840	1.0942
270	17.1800	1.0938
271	17.1770	1.0933
272	17.1730	1.0930
273	17.1700	1.0927
274	17.1660	1.0925
275	17.1620	1.0920
276	17.1590	1.0915
277	17.1550	1.0913
278	17.1510	1.0908
279	17.1480	1.0907
280	17.1440	1.0902
281	17.1400	1.0898
282	17.1360	1.0895
283	17.1330	1.0890
284	17.1290	1.0887
285	17.1250	1.0883
286	17.1210	1.0880
287	17.1170	1.0877
288	17.1140	1.0872
289	17.1100	1.0868
290	17.1060	1.0867
291	17.1020	1.0860
292	17.0980	1.0857
293	17.0940	1.0853
294	17.0900	1.0850
295	17.0860	1.0847
296	17.0820	1.0843
297	17.0780	1.0838
298	17.0740	1.0835
299	17.0700	1.0832
300	17.0660	1.0828
301	17.0620	1.0823
302	17.0580	1.0820
303	17.0540	1.0817
304	17.0500	1.0812
305	17.0460	1.0808
306	17.0420	1.0805
307	17.0380	1.0802
308	17.0340	1.0798
309	17.0300	1.0795
310	17.0260	1.0790
311	17.0220	1.0787
312	17.0180	1.0783
313	17.0140	1.0780
314	17.0100	1.0777
315	17.0060	1.0773
316	17.0020	1.0770
317	16.9970	1.0765
318	16.9930	1.0760
319	16.9890	1.0757
320	16.9850	1.0753
321	16.9810	1.0750
322	16.9770	1.0747
323	16.9730	1.0743
324	16.9690	1.0740
325	16.9640	1.0737
326	16.9600	1.0733
327	16.9560	1.0727
328	16.9520	1.0723
329	16.9480	1.0720
330	16.9440	1.0717
331	16.9400	1.0713
332	16.9360	1.0710
333	16.9310	1.0707
334	16.9270	1.0703
335	16.9230	1.0698
336	16.9190	1.0695
337	16.9150	1.0692
338	16.9110	1.0688
339	16.9070	1.0683
340	16.9020	1.0678
341	16.8980	1.0675
342	16.8940	1.0672
343	16.8900	1.0668
344	16.8860	1.0665
345	16.8820	1.0662
346	16.8780	1.0658
347	16.8740	1.0653
348	16.8690	1.0650
349	16.8650	1.0647
350	16.8610	1.0643
351	16.8570	1.0640
352	16.8530	1.0637
353	16.8490	1.0633
354	16.8440	1.0630
355	16.8400	1.0627
356	16.8360	1.0623
357	16.8320	1.0618
358	16.8280	1.0615
359	16.8240	1.0612
360	16.8200	1.0607
361	16.8160	1.0603
362	16.8120	1.0600
363	16.8070	1.0598
364	16.8030	1.0595
365	16.7990	1.0590
366	16.7950	1.0587
367	16.7910	1.0582
368	16.7870	1.0578
369	16.7830	1.0575
370	16.7790	1.0572
371	16.7740	1.0568
372	16.7700	1.0565
373	16.7660	1.0562
374	16.7620	1.0558
375	16.7580	1.0555
376	16.7540	1.0552
377	16.7500	1.0547
378	16.7460	1.0543
379	16.7420	1.0540
380	16.7380	1.0538
381	16.7340	1.0535
382	16.7300	1.0530
383	16.7260	1.0527
384	16.7220	1.0523
385	16.7170	1.0518
386	16.7130	1.0515
387	16.7090	1.0513
388	16.7050	1.0508
389	16.7010	1.0505
390	16.6970	1.0502
391	16.6930	1.0498
392	16.6890	1.0495
393	16.6850	1.0492
394	16.6810	1.0488
395	16.6770	1.0485
396	16.6730	1.0482
397	16.6690	1.0478
398	16.6650	1.0475
399	16.6610	1.0473
400	16.6570	1.0470
401	16.6530	1.0465
402	16.6490	1.0462
403	16.6450	1.0458
404	16.6410	1.0455
405	16.6370	1.0452
406	16.6330	1.0448
407	16.6290	1.0445
408	16.6250	1.0442
409	16.6210	1.0437
410	16.6180	1.0437
411	16.6140	1.0432
412	16.6100	1.0428
413	16.6060	1.0425
414	16.6020	1.0422
415	16.5980	1.0418
416	16.5940	1.0417
417	16.5900	1.0412
418	16.5860	1.0408
419	16.5820	1.0405
420	16.5780	1.0402
421	16.5740	1.0398
422	16.5710	1.0397
423	16.5670	1.0392
424	16.5630	1.0388
425	16.5590	1.0385
426	16.5550	1.0383
427	16.5510	1.0380
428	16.5480	1.0375
429	16.5440	1.0372
430	16.5400	1.0370
431	16.5360	1.0367
432	16.5320	1.0363
433	16.5280	1.0358
434	16.5250	1.0357
435	16.5210	1.0353
436	16.5170	1.0350
437	16.5130	1.0348
438	16.5100	1.0345
439	16.5060	1.0342
440	16.5020	1.0338
441	16.4980	1.0335
442	16.4950	1.0333
443	16.4910	1.0328
444	16.4870	1.0325
445	16.4830	1.0322
446	16.4800	1.0320
447	16.4760	1.0317
448	16.4720	1.0313
449	16.4690	1.0308
450	16.4650	1.0307
451	16.4610	1.0303
452	16.4580	1.0302
453	16.4540	1.0297
454	16.4500	1.0295
455	16.4470	1.0292
456	16.4430	1.0287
457	16.4390	1.0285
458	16.4360	1.0283
459	16.4320	1.0280
460	16.4280	1.0275
461	16.4250	1.0273
462	16.4210	1.0272
463	16.4180	1.0267
464	16.4140	1.0265
465	16.4100	1.0262
466	16.4070	1.0258
467	16.4030	1.0255
468	16.4000	1.0252
469	16.3960	1.0250
470	16.3930	1.0247
471	16.3890	1.0243
472	16.3860	1.0242
473	16.3820	1.0237
474	16.3780	1.0235
475	16.3750	1.0230
476	16.3720	1.0228
477	16.3680	1.0227
478	16.3650	1.0222
479	16.3610	1.0220
480	16.3580	1.0217
481	16.3540	1.0213
482	16.3510	1.0210
483	16.3470	1.0208
484	16.3440	1.0205
485	16.3400	1.0202
486	16.3370	1.0200
487	16.3340	1.0197
488	16.3300	1.0195
489	16.3270	1.0192
490	16.3230	1.0188
491	16.3200	1.0185
492	16.3170	1.0182
493	16.3130	1.0180
494	16.3100	1.0178
495	16.3060	1.0173
496	16.3030	1.0172
497	16.3000	1.0168
498	16.2960	1.0165
499	16.2930	1.0163
500	16.2900	1.0160
501	16.2860	1.0157
502	16.2830	1.0155
503	16.2800	1.0152
504	16.2760	1.0148
505	16.2730	1.0147
506	16.2700	1.0143
507	16.2670	1.0140
508	16.2630	1.0138
509	16.2600	1.0135
510	16.2570	1.0133
511	16.2540	1.0130
512	16.2500	1.0127
513	16.2470	1.0125
514	16.2440	1.0122
515	16.2410	1.0120
516	16.2380	1.0117
517	16.2340	1.0113
518	16.2310	1.0112
519	16.2280	1.0108
520	16.2250	1.0105
521	16.2210	1.0103
522	16.2180	1.0100
523	16.2150	1.0098
524	16.2120	1.0097
525	16.2090	1.0092
526	16.2060	1.0090
527	16.2030	1.0088
528	16.2000	1.0085
529	16.1960	1.0082
530	16.1930	1.0078
531	16.1900	1.0077
532	16.1870	1.0075
533	16.1840	1.0072
534	16.1810	1.0068
535	16.1780	1.0067
536	16.1750	1.0063
537	16.1720	1.0062
538	16.1690	1.0060
539	16.1660	1.0057
540	16.1630	1.0053
541	16.1600	1.0052
542	16.1570	1.0048
543	16.1540	1.0047
544	16.1510	1.0043
545	16.1480	1.0040
546	16.1450	1.0038
547	16.1420	1.0035
548	16.1390	1.0035
549	16.1360	1.0032
550	16.1330	1.0028
551	16.1300	1.0027
552	16.1270	1.0023
553	16.1240	1.0020
554	16.1210	1.0020
555	16.1180	1.0017
556	16.1150	1.0013
557	16.1120	1.0012
558	16.1100	1.0008
559	16.1070	1.0007
560	16.1040	1.0003
561	16.1010	1.0000
562	16.0980	1.0000
563	16.0950	0.9998
564	16.0930	0.9995
565	16.0900	0.9993
566	16.0870	0.9990
567	16.0840	0.9988
568	16.0810	0.9985
569	16.0780	0.9982
570	16.0760	0.9980
571	16.0730	0.9978
572	16.0700	0.9975
573	16.0670	0.9973
574	16.0650	0.9970
575	16.0620	0.9968
576	16.0590	0.9967
577	16.0560	0.9963
578	16.0540	0.9962
579	16.0510	0.9958
580	16.0480	0.9957
581	16.0460	0.9955
582	16.0430	0.9953
583	16.0400	0.9950
584	16.0380	0.9948
585	16.0350	0.9947
586	16.0320	0.9943
587	16.0300	0.9942
588	16.0270	0.9940
589	16.0240	0.9937
590	16.0220	0.9935
591	16.0190	0.9933
592	16.0160	0.9932
593	16.0140	0.9927
594	16.0110	0.9925
595	16.0090	0.9923
596	16.0060	0.9922
597	16.0040	0.9920
598	16.0010	0.9917
599	15.9990	0.9913
600	15.9960	0.9912
601	15.9940	0.9910
602	15.9910	0.9908
603	15.9880	0.9907
604	15.9860	0.9903
605	15.9840	0.9903
606	15.9810	0.9898
607	15.9790	0.9898
608	15.9760	0.9895
609	15.9740	0.9895
610	15.9710	0.9890
611	15.9690	0.9888
612	15.9660	0.9887
613	15.9640	0.9885
614	15.9620	0.9883
615	15.9590	0.9880
616	15.9570	0.9878
617	15.9540	0.9877
618	15.9520	0.9873
619	15.9500	0.9873
620	15.9470	0.9870
621	15.9450	0.9870
622	15.9430	0.9867
623	15.9400	0.9863
624	15.9380	0.9863
625	15.9360	0.9860
626	15.9330	0.9858
627	15.9310	0.9857
628	15.9290	0.9855
629	15.9270	0.9853
630	15.9240	0.9852
631	15.9220	0.9848
632	15.9200	0.9847
633	15.9180	0.9845
634	15.9150	0.9842
635	15.9130	0.9842
636	15.9110	0.9838
637	15.9090	0.9837
638	15.9060	0.9833
639	15.9040	0.9833
640	15.9020	0.9832
641	15.9000	0.9828
642	15.8980	0.9828
643	15.8960	0.9825
644	15.8940	0.9823
645	15.8910	0.9820
646	15.8890	0.9820
647	15.8870	0.9817
648	15.8850	0.9815
649	15.8830	0.9815
650	15.8810	0.9812
651	15.8790	0.9812
652	15.8770	0.9808
653	15.8740	0.9808
654	15.8720	0.9805
655	15.8700	0.9805
656	15.8680	0.9802
657	15.8660	0.9800
658	15.8640	0.9798
659	15.8620	0.9795
660	15.8600	0.9795
661	15.8580	0.9792
662	15.8560	0.9792
663	15.8540	0.9788
664	15.8520	0.9788
665	15.8500	0.9785
666	15.8480	0.9783
667	15.8460	0.9782
668	15.8440	0.9780
669	15.8420	0.9778
670	15.8400	0.9777
671	15.8380	0.9773
672	15.8370	0.9773
673	15.8350	0.9772
674	15.8330	0.9768
675	15.8310	0.9768
676	15.8290	0.9765
677	15.8270	0.9765
678	15.8250	0.9763
679	15.8230	0.9760
680	15.8210	0.9758
681	15.8200	0.9758
682	15.8180	0.9755
683	15.8160	0.9755
684	15.8140	0.9753
685	15.8120	0.9752
686	15.8100	0.9748
687	15.8080	0.9748
688	15.8070	0.9747
689	15.8050	0.9743
690	15.8030	0.9743
691	15.8010	0.9742
692	15.8000	0.9740
693	15.7980	0.9737
694	15.7960	0.9737
695	15.7940	0.9735
696	15.7920	0.9733
697	15.7910	0.9730
698	15.7890	0.9730
699	15.7870	0.9728
700	15.7850	0.9727
701	15.7840	0.9723
702	15.7820	0.9725
703	15.7800	0.9722
704	15.7780	0.9720
705	15.7770	0.9718
706	15.7750	0.9717
707	15.7730	0.9717
708	15.7720	0.9715
709	15.7700	0.9712
710	15.7680	0.9710
711	15.7660	0.9708
712	15.7650	0.9708
713	15.7630	0.9707
714	15.7620	0.9705
715	15.7600	0.9703
716	15.7580	0.9702
717	15.7570	0.9700
718	15.7550	0.9700
719	15.7530	0.9697
720	15.7520	0.9697
721	15.7500	0.9693
722	15.7480	0.9693
723	15.7470	0.9690
724	15.7450	0.9688
725	15.7440	0.9687
726	15.7420	0.9687
727	15.7400	0.9685
728	15.7390	0.9683
729	15.7370	0.9682
730	15.7360	0.9680
731	16.0190	0.9865
732	16.0180	0.9863
733	16.0160	0.9862
734	16.0150	0.9862
735	16.0140	0.9862
736	16.0120	0.9862
737	16.0110	0.9860
738	16.0100	0.9858
739	16.0080	0.9858
740	16.0070	0.9857
741	16.0060	0.9857
742	16.0040	0.9855
743	16.0030	0.9853
744	16.0020	0.9855
745	16.0010	0.9852
746	15.9990	0.9852
747	15.9980	0.9850
748	15.9970	0.9850
749	15.9950	0.9850
750	15.9940	0.9848
751	15.9930	0.9847
752	15.9920	0.9847
753	15.9900	0.9845
754	15.9890	0.9845
755	15.9880	0.9843
756	15.9860	0.9842
757	15.9850	0.9843
758	15.9840	0.9842
759	15.9820	0.9840
760	15.9810	0.9840
761	15.9800	0.9840
762	15.9790	0.9840
763	15.9770	0.9838
764	15.9760	0.9837
765	15.9750	0.9837
766	15.9740	0.9835
767	15.9720	0.9833
768	15.9710	0.9833
769	15.9700	0.9833
770	15.9680	0.9833
771	15.9670	0.9832
772	15.9660	0.9830
773	15.9650	0.9832
774	15.9630	0.9830
775	15.9620	0.9828
776	15.9610	0.9828
777	15.9600	0.9827
778	15.9580	0.9825
779	15.9570	0.9825
780	15.9560	0.9823
781	15.9540	0.9825
782	15.9530	0.9823
783	15.9520	0.9822
784	15.9510	0.9823
785	15.9490	0.9822
786	15.9480	0.9820
787	15.9470	0.9820
788	15.9460	0.9818
789	15.9440	0.9817
790	15.9430	0.9818
791	15.9420	0.9817
792	15.9410	0.9815
793	15.9390	0.9815
794	15.9380	0.9813
795	15.9370	0.9815
796	15.9360	0.9813
797	15.9340	0.9812
798	15.9330	0.9810
799	15.9320	0.9812
800	15.9310	0.9810
801	15.9290	0.9808
802	15.9280	0.9810
803	15.9270	0.9808
804	15.9260	0.9807
805	15.9240	0.9807
806	15.9230	0.9805
807	15.9220	0.9807
808	15.9210	0.9805
809	15.9190	0.9803
810	15.9180	0.9803
811	15.9170	0.9802
812	15.9160	0.9802
813	15.9140	0.9802
814	15.9130	0.9800
815	15.9120	0.9798
816	15.9110	0.9800
817	15.9100	0.9798
818	15.9080	0.9797
819	15.9070	0.9798
820	15.9060	0.9797
821	15.9050	0.9795
822	15.9030	0.9797
823	15.9020	0.9795
824	15.9010	0.9793
825	15.9000	0.9792
826	15.8980	0.9793
827	15.8970	0.9792
828	15.8960	0.9790
829	15.8950	0.9792
830	15.8940	0.9790
831	15.8920	0.9788
832	15.8910	0.9790
833	15.8900	0.9788
834	15.8890	0.9787
835	15.8880	0.9788
836	15.8860	0.9787
837	15.8850	0.9785
838	15.8840	0.9787
839	15.8830	0.9785
840	15.8820	0.9783
841	15.8800	0.9785
842	15.8790	0.9783
843	15.8780	0.9782
844	15.8770	0.9783
845	15.8760	0.9782
846	15.8740	0.9780
847	15.8730	0.9782
848	15.8720	0.9780
849	15.8710	0.9778
850	15.8690	0.9778
851	15.8680	0.9778
852	15.8670	0.9777
853	15.8660	0.9777
854	15.8650	0.9777
855	15.8630	0.9775
856	15.8620	0.9775
857	15.8610	0.9773
858	15.8600	0.9773
859	15.8590	0.9773
860	15.8580	0.9772
861	15.8560	0.9770
862	15.8550	0.9772
863	15.8540	0.9770
864	15.8530	0.9768
865	15.8520	0.9770
866	15.8500	0.9768
867	15.8490	0.9770
868	15.8480	0.9768
869	15.8470	0.9767
870	15.8460	0.9767
871	15.8440	0.9767
872	15.8430	0.9767
873	15.8420	0.9765
874	15.8410	0.9765
875	15.8400	0.9765
876	15.8380	0.9763
877	15.8370	0.9763
878	15.8360	0.9763
879	15.8350	0.9763
880	15.8340	0.9762
881	15.8330	0.9763
882	15.8310	0.9762
883	15.8300	0.9760
884	15.8290	0.9760
885	15.8280	0.9760
886	15.8270	0.9760
887	15.8260	0.9758
888	15.8240	0.9757
889	15.8230	0.9758
890	15.8220	0.9757
891	15.8210	0.9755
892	15.8200	0.9757
893	15.8190	0.9757
894	15.8170	0.9755
895	15.8160	0.9753
896	15.8150	0.9753
897	15.8140	0.9755
898	15.8130	0.9753
899	15.8120	0.9752
900	15.8100	0.9753
901	15.8090	0.9752
902	15.8080	0.9752
903	15.8070	0.9750
904	15.8060	0.9750
905	15.8050	0.9750
906	15.8040	0.9748
907	15.8020	0.9750
908	15.8010	0.9750
909	15.8000	0.9748
910	15.7990	0.9748
911	15.7980	0.9747
912	15.7970	0.9748
913	15.7950	0.9747
914	15.7940	0.9745
915	15.7930	0.9747
916	15.7920	0.9745
917	15.7910	0.9745
918	15.7900	0.9743
919	15.7880	0.9743
920	15.7870	0.9745
921	15.7860	0.9743
922	15.7850	0.9743
923	15.7840	0.9743
924	15.7830	0.9742
925	15.7820	0.9742
926	15.7800	0.9740
927	15.7790	0.9742
928	15.7780	0.9740
929	15.7770	0.9740
930	15.7760	0.9740
931	15.7750	0.9738
932	15.7740	0.9740
933	15.7730	0.9738
934	15.7710	0.9738
935	15.7700	0.9737
936	15.7690	0.9737
937	15.7680	0.9737
938	15.7670	0.9737
939	15.7660	0.9737
940	15.7650	0.9737
941	15.7640	0.9737
942	15.7620	0.9735
943	15.7610	0.9733
944	15.7600	0.9735
945	15.7590	0.9735
946	15.7580	0.9735
947	15.7570	0.9733
948	15.7560	0.9735
949	15.7540	0.9733
950	15.7530	0.9733
951	15.7520	0.9732
952	15.7510	0.9732
953	15.7500	0.9732
954	15.7490	0.9732
955	15.7480	0.9732
956	15.7470	0.9730
957	15.7460	0.9732
958	15.7440	0.9730
959	15.7430	0.9730
960	15.7420	0.9728
961	15.7410	0.9728
962	15.7400	0.9730
963	15.7390	0.9728
964	15.7380	0.9728
965	15.7370	0.9727
966	15.7360	0.9728
967	15.7340	0.9728
968	15.7330	0.9728
969	15.7320	0.9727
970	15.7310	0.9725
971	15.7300	0.9725
972	15.7290	0.9727
973	15.7280	0.9727
974	15.7270	0.9725
975	15.7260	0.9725
976	15.7240	0.9723
977	15.7230	0.9725
978	15.7220	0.9723
979	15.7210	0.9723
980	15.7200	0.9723
981	15.7190	0.9725
982	15.7180	0.9723
983	15.7170	0.9723
984	15.7160	0.9723
985	15.7150	0.9722
986	15.7140	0.9722
987	15.7120	0.9722
988	15.7110	0.9722
989	15.7100	0.9722
990	15.7090	0.9720
991	15.7080	0.9720
992	15.7070	0.9722
993	15.7060	0.9720
994	15.7050	0.9720
995	15.7040	0.9720
996	15.7030	0.9720
997	15.7020	0.9718
998	15.7000	0.9720
999	15.6990	0.9718
1000	15.6980	0.9718
1001	15.6970	0.9718
1002	15.6960	0.9720
1003	15.6950	0.9718
1004	15.6940	0.9718
1005	15.6930	0.9718
1006	15.6920	0.9718
1007	15.6910	0.9717
1008	15.6900	0.9718
1009	15.6880	0.9717
1010	15.6870	0.9717
1011	15.6860	0.9717
1012	15.6850	0.9717
1013	15.6840	0.9715
1014	15.6830	0.9717
1015	15.6820	0.9717
1016	15.6810	0.9717
1017	15.6800	0.9715
1018	15.6790	0.9715
1019	15.6780	0.9715
1020	15.6770	0.9717
1021	15.6760	0.9715
1022	15.6750	0.9715
1023	15.6740	0.9715
1024	15.6720	0.9715
1025	15.6710	0.9713
1026	15.6700	0.9713
1027	15.6690	0.9715
1028	15.6680	0.9715
1029	15.6670	0.9713
1030	15.6660	0.9713
1031	15.6650	0.9713
1032	15.6640	0.9713
1033	15.6630	0.9712
1034	15.6620	0.9713
1035	15.6610	0.9713
1036	15.6600	0.9713
1037	15.6590	0.9712
1038	15.6580	0.9712
1039	15.6570	0.9712
1040	15.6560	0.9712
1041	15.6550	0.9710
1042	15.6540	0.9712
1043	15.6520	0.9712
1044	15.6510	0.9712
1045	15.6500	0.9712
1046	15.6490	0.9712
1047	15.6480	0.9713
1048	15.6470	0.9710
1049	15.6460	0.9712
1050	15.6450	0.9712
1051	15.6440	0.9712
1052	15.6430	0.9710
1053	15.6420	0.9710
1054	15.6410	0.9710
1055	15.6400	0.9710
1056	15.6390	0.9710
1057	15.6380	0.9712
1058	15.6370	0.9712
1059	15.6360	0.9710
1060	15.6350	0.9710
1061	15.6340	0.9710
1062	15.6330	0.9710
1063	15.6320	0.9710
1064	15.6310	0.9710
1065	15.6300	0.9708
1066	15.6290	0.9710
1067	15.6280	0.9710
1068	15.6270	0.9710
1069	15.6260	0.9710
1070	15.6250	0.9710
1071	15.6240	0.9710
1072	15.6230	0.9708
1073	15.6220	0.9708
1074	15.6210	0.9708
1075	15.6200	0.9710
1076	15.6180	0.9710
1077	15.6180	0.9710
1078	15.6160	0.9710
1079	15.6160	0.9710
1080	15.6140	0.9710
1081	15.6140	0.9708
1082	15.6120	0.9708
1083	15.6120	0.9712
1084	15.6100	0.9708
1085	15.6100	0.9710
1086	15.6080	0.9710
1087	15.6080	0.9710
1088	15.6060	0.9710
1089	15.6060	0.9710
1090	15.6040	0.9710
1091	15.6040	0.9710
1092	15.6020	0.9710
1093	15.6020	0.9708
1094	15.6000	0.9710
1095	15.6000	0.9712
1096	15.5990	0.9708
1097	15.5980	0.9712
1098	15.5970	0.9708
1099	15.5960	0.9710
1100	15.5950	0.9710
1101	15.5940	0.9710
1102	15.5930	0.9710
1103	15.5920	0.9710
1104	15.5910	0.9710
1105	15.5900	0.9710
1106	15.5890	0.9710
1107	15.5880	0.9710
1108	15.5870	0.9710
1109	15.5860	0.9710
1110	15.5850	0.9712
1111	15.5840	0.9710
1112	15.5830	0.9712
1113	15.5820	0.9710
1114	15.5810	0.9712
1115	15.5800	0.9712
1116	15.5790	0.9712
1117	15.5780	0.9712
1118	15.5770	0.9712
1119	15.5760	0.9712
1120	15.5750	0.9712
1121	15.5740	0.9712
1122	15.5730	0.9712
1123	15.5720	0.9712
1124	15.5710	0.9712
1125	15.5700	0.9712
1126	15.5700	0.9712
1127	15.5680	0.9712
1128	15.5680	0.9713
1129	15.5670	0.9712
1130	15.5660	0.9713
1131	15.5650	0.9713
1132	15.5640	0.9712
1133	15.5630	0.9713
1134	15.5620	0.9712
1135	15.5610	0.9713
1136	15.5600	0.9713
1137	15.5590	0.9713
1138	15.5580	0.9713
1139	15.5570	0.9713
1140	15.5560	0.9713
1141	15.5550	0.9713
1142	15.5540	0.9717
1143	15.5540	0.9713
1144	15.5520	0.9715
1145	15.5520	0.9717
1146	15.5510	0.9715
1147	15.5500	0.9715
1148	15.5490	0.9717
1149	15.5480	0.9715
1150	15.5470	0.9717
1151	15.5460	0.9718
1152	15.5450	0.9715
1153	15.5440	0.9717
1154	15.5430	0.9715
1155	15.5420	0.9717
1156	15.5420	0.9718
1157	15.5410	0.9717
1158	15.5400	0.9717
1159	15.5390	0.9717
1160	15.5380	0.9720
1161	15.5370	0.9718
1162	15.5360	0.9718
1163	15.5350	0.9718
1164	15.5340	0.9718
1165	15.5330	0.9718
1166	15.5320	0.9720
1167	15.5320	0.9720
1168	15.5310	0.9720
1169	15.5300	0.9720
1170	15.5290	0.9720
1171	15.5280	0.9722
1172	15.5270	0.9722
1173	15.5260	0.9722
1174	15.5250	0.9722
1175	15.5240	0.9722
1176	15.5240	0.9722
1177	15.5230	0.9723
1178	15.5220	0.9723
1179	15.5210	0.9723
1180	15.5200	0.9723
1181	15.5190	0.9725
1182	15.5180	0.9725
1183	15.5180	0.9725
1184	15.5170	0.9725
1185	15.5160	0.9727
1186	15.5150	0.9725
1187	15.5140	0.9725
1188	15.5130	0.9725
1189	15.5120	0.9727
1190	15.5120	0.9727
1191	15.5110	0.9727
1192	15.5100	0.9727
1193	15.5090	0.9727
1194	15.5080	0.9728
1195	15.5070	0.9728
1196	15.5060	0.9730
1197	15.5060	0.9730
1198	15.5050	0.9730
1199	15.5040	0.9730
1200	15.5030	0.9728
1201	15.5020	0.9730
1202	15.5010	0.9730
1203	15.5000	0.9732
1204	15.5000	0.9732
1205	15.4990	0.9732
1206	15.4980	0.9733
1207	15.4970	0.9733
1208	15.4960	0.9733
1209	15.4960	0.9733
1210	15.4950	0.9735
1211	15.4940	0.9735
1212	15.4930	0.9733
1213	15.4920	0.9735
1214	15.4910	0.9735
1215	15.4900	0.9737
1216	15.4900	0.9737
1217	15.4890	0.9737
1218	15.4880	0.9738
1219	15.4870	0.9738
1220	15.4860	0.9738
1221	15.4860	0.9738
1222	15.4850	0.9738
1223	15.4840	0.9738
1224	15.4830	0.9740
1225	15.4820	0.9740
1226	15.4820	0.9742
1227	15.4810	0.9742
1228	15.4800	0.9742
1229	15.4790	0.9743
1230	15.4780	0.9742
1231	15.4780	0.9743
1232	15.4770	0.9743
1233	15.4760	0.9743
1234	15.4750	0.9745
1235	15.4740	0.9745
1236	15.4740	0.9747
1237	15.4730	0.9745
1238	15.4720	0.9745
1239	15.4710	0.9747
1240	15.4710	0.9747
1241	15.4700	0.9748
1242	15.4690	0.9748
1243	15.4680	0.9750
1244	15.4680	0.9750
1245	15.4670	0.9752
1246	15.4660	0.9750
1247	15.4650	0.9750
1248	15.4640	0.9752
1249	15.4640	0.9753
1250	15.4630	0.9753
1251	15.4620	0.9752
1252	15.4610	0.9753
1253	15.4610	0.9753
1254	15.4600	0.9755
1255	15.4590	0.9757
1256	15.4580	0.9755
1257	15.4580	0.9755
1258	15.4570	0.9757
1259	15.4560	0.9758
1260	15.4550	0.9758
1261	15.4550	0.9758
1262	15.4540	0.9760
1263	15.4530	0.9758
1264	15.4520	0.9760
1265	15.4520	0.9762
1266	15.4510	0.9762
1267	15.4500	0.9762
1268	15.4500	0.9762
1269	15.4490	0.9763
1270	15.4480	0.9763
1271	15.4470	0.9765
1272	15.4470	0.9767
1273	15.4460	0.9765
1274	15.4450	0.9765
1275	15.4440	0.9767
1276	15.4440	0.9768
1277	15.4430	0.9768
1278	15.4420	0.9770
1279	15.4420	0.9768
1280	15.4410	0.9770
1281	15.4400	0.9772
1282	15.4400	0.9772
1283	15.4390	0.9773
1284	15.4380	0.9772
1285	15.4370	0.9773
1286	15.4370	0.9773
1287	15.4360	0.9775
1288	15.4350	0.9775
1289	15.4340	0.9775
1290	15.4340	0.9777
1291	15.4330	0.9778
1292	15.4320	0.9777
1293	15.4320	0.9778
1294	15.4310	0.9778
1295	15.4300	0.9780
1296	15.4300	0.9782
1297	15.4290	0.9782
1298	15.4280	0.9782
1299	15.4280	0.9782
1300	15.4270	0.9783
1301	15.4260	0.9783
1302	15.4260	0.9785
1303	15.4250	0.9785
1304	15.4240	0.9787
1305	15.4240	0.9788
1306	15.4230	0.9788
1307	15.4220	0.9788
1308	15.4220	0.9790
1309	15.4210	0.9790
1310	15.4200	0.9790
1311	15.4200	0.9792
1312	15.4190	0.9792
1313	15.4180	0.9793
1314	15.4180	0.9793
1315	15.4170	0.9795
1316	15.4160	0.9795
1317	15.4160	0.9797
1318	15.4150	0.9795
1319	15.4140	0.9797
1320	15.4140	0.9798
1321	15.4130	0.9800
1322	15.4120	0.9800
1323	15.4120	0.9800
1324	15.4110	0.9802
1325	15.4100	0.9803
1326	15.4100	0.9802
1327	15.4090	0.9803
1328	15.4080	0.9805
1329	15.4080	0.9805
1330	15.4070	0.9805
1331	15.4060	0.9807
1332	15.4060	0.9808
1333	15.4050	0.9808
1334	15.4050	0.9810
1335	15.4040	0.9810
1336	15.4030	0.9812
1337	15.4030	0.9812
1338	15.4020	0.9812
1339	15.4020	0.9813
1340	15.4010	0.9813
1341	15.4000	0.9815
1342	15.4000	0.9817
1343	15.3990	0.9815
1344	15.3980	0.9817
1345	15.3980	0.9818
1346	15.3970	0.9820
1347	15.3960	0.9820
1348	15.3960	0.9820
1349	15.3950	0.9822
1350	15.3950	0.9823
1351	15.3940	0.9823
1352	15.3930	0.9825
1353	15.3930	0.9827
1354	15.3920	0.9825
1355	15.3920	0.9827
1356	15.3910	0.9828
1357	15.3900	0.9828
1358	15.3900	0.9828
1359	15.3890	0.9830
1360	15.3880	0.9830
1361	15.3880	0.9832
1362	15.3870	0.9833
1363	15.3870	0.9835
1364	15.3860	0.9835
1365	15.3860	0.9837
1366	15.3850	0.9837
1367	15.3840	0.9837
1368	15.3840	0.9838
1369	15.3830	0.9840
1370	15.3820	0.9840
1371	15.3820	0.9842
1372	15.3810	0.9843
1373	15.3810	0.9843
1374	15.3800	0.9845
1375	15.3800	0.9845
1376	15.3790	0.9847
1377	15.3780	0.9847
1378	15.3780	0.9848
1379	15.3770	0.9850
1380	15.3770	0.9850
1381	15.3760	0.9852
1382	15.3760	0.9853
1383	15.3750	0.9853
1384	15.3740	0.9855
1385	15.3740	0.9857
1386	15.3730	0.9855
1387	15.3730	0.9857
1388	15.3720	0.9858
1389	15.3720	0.9858
1390	15.3710	0.9860
1391	15.3700	0.9862
1392	15.3700	0.9862
1393	15.3690	0.9863
1394	15.3690	0.9865
1395	15.3680	0.9865
1396	15.3680	0.9867
1397	15.3670	0.9868
1398	15.3660	0.9868
1399	15.3660	0.9870
1400	15.3650	0.9870
1401	15.3650	0.9870
1402	15.3640	0.9872
1403	15.3640	0.9872
1404	15.3630	0.9873
1405	15.3620	0.9875
1406	15.3620	0.9875
1407	15.3610	0.9877
1408	15.3610	0.9878
1409	15.3600	0.9878
1410	15.3600	0.9880
1411	15.3590	0.9882
1412	15.3590	0.9882
1413	15.3580	0.9883
1414	15.3580	0.9883
1415	15.3570	0.9885
1416	15.3560	0.9887
1417	15.3560	0.9887
1418	15.3550	0.9888
1419	15.3550	0.9890
1420	15.3540	0.9890
1421	15.3540	0.9892
1422	15.3530	0.9893
1423	15.3530	0.9893
1424	15.3520	0.9895
1425	15.3520	0.9897
1426	15.3510	0.9897
1427	15.3500	0.9898
1428	15.3500	0.9898
1429	15.3490	0.9900
1430	15.3490	0.9902
1431	15.3480	0.9902
1432	15.3480	0.9903
1433	15.3470	0.9905
1434	15.3470	0.9905
1435	15.3460	0.9907
1436	15.3460	0.9907
1437	15.3450	0.9908
1438	15.3440	0.9910
1439	15.3440	0.9910
1440	15.3440	0.9913
1441	15.3430	0.9913
1442	15.3420	0.9915
1443	15.3420	0.9917
1444	15.3410	0.9917
1445	15.3410	0.9918
1446	15.3400	0.9920
1447	15.3400	0.9920
1448	15.3390	0.9922
1449	15.3390	0.9922
1450	15.3380	0.9923
1451	15.3380	0.9925
1452	15.3370	0.9925
1453	15.3370	0.9927
1454	15.3360	0.9930
1455	15.3360	0.9930
1456	15.3350	0.9932
1457	15.3350	0.9932
1458	15.3340	0.9933
1459	15.3340	0.9935
1460	15.3330	0.9935
1461	15.3330	0.9937
1462	15.3320	0.9938
1463	15.3320	0.9940
1464	15.3310	0.9940
1465	15.3310	0.9942
1466	15.3300	0.9943
1467	15.3300	0.9943
1468	15.3290	0.9945
1469	15.3280	0.9947
1470	15.3280	0.9948
1471	15.3280	0.9950
1472	15.3270	0.9950
1473	15.3260	0.9952
1474	15.3260	0.9953
1475	15.3260	0.9953
1476	15.3250	0.9957
1477	15.3240	0.9957
1478	15.3240	0.9958
1479	15.3240	0.9958
1480	15.3230	0.9960
1481	15.3220	0.9962
1482	15.3220	0.9963
1483	15.3220	0.9965
1484	15.3210	0.9965
1485	15.3210	0.9967
1486	15.3200	0.9967
1487	15.3200	0.9968
1488	15.3190	0.9970
1489	15.3190	0.9970
1490	15.3180	0.9973
1491	15.3180	0.9975
1492	15.3170	0.9975
1493	15.3170	0.9977
1494	15.3160	0.9978
1495	15.3160	0.9980
1496	15.3150	0.9980
1497	15.3150	0.9982
1498	15.3140	0.9985
1499	15.3140	0.9985
1500	15.3130	0.9987
1501	15.3130	0.9987
1502	15.3120	0.9988
1503	15.3120	0.9988
1504	15.3110	0.9992
1505	15.3110	0.9993
1506	15.3100	0.9993
1507	15.3100	0.9995
1508	15.3090	0.9995
1509	15.3090	0.9998
1510	15.3080	0.9998
1511	15.3080	1.0000
1512	15.3080	1.0002
1513	15.3070	1.0003
1514	15.3070	1.0003
1515	15.3060	1.0005
1516	15.3060	1.0005
1517	15.3050	1.0008
1518	15.3050	1.0010
1519	15.3040	1.0010
1520	15.3040	1.0012
1521	15.3030	1.0013
1522	15.3030	1.0015
1523	15.3020	1.0017
1524	15.3020	1.0018
1525	15.3020	1.0020
1526	15.3010	1.0020
1527	15.3000	1.0022
1528	15.3000	1.0022
1529	15.3000	1.0025
1530	15.2990	1.0025
1531	15.2990	1.0027
1532	15.2980	1.0028
1533	15.2980	1.0030
1534	15.2970	1.0033
1535	15.2970	1.0033
1536	15.2960	1.0035
1537	15.2960	1.0035
1538	15.2960	1.0037
1539	15.2950	1.0038
1540	15.2950	1.0040
1541	15.2940	1.0040
1542	15.2940	1.0043
1543	15.2930	1.0043
1544	15.2930	1.0045
1545	15.2920	1.0048
1546	15.2920	1.0048
1547	15.2910	1.0050
1548	15.2910	1.0050
1549	15.2900	1.0053
1550	15.2900	1.0053
1551	15.2900	1.0057
1552	15.2890	1.0057
1553	15.2890	1.0058
1554	15.2880	1.0058
1555	15.2880	1.0062
1556	15.2870	1.0062
1557	15.2870	1.0065
1558	15.2860	1.0065
1559	15.2860	1.0067
1560	15.2860	1.0070
1561	15.2850	1.0070
1562	15.2850	1.0070
1563	15.2840	1.0073
1564	15.2840	1.0073
1565	15.2840	1.0077
1566	15.2830	1.0078
1567	15.2830	1.0078
1568	15.2820	1.0080
1569	15.2820	1.0082
1570	15.2810	1.0083
1571	15.2810	1.0085
1572	15.2800	1.0087
1573	15.2800	1.0087
1574	15.2800	1.0090
1575	15.2790	1.0090
1576	15.2790	1.0092
1577	15.2780	1.0093
1578	15.2780	1.0095
1579	15.2780	1.0097
1580	15.2770	1.0098
1581	15.2770	1.0098
1582	15.2760	1.0102
1583	15.2760	1.0102
1584	15.2750	1.0105
1585	15.2750	1.0105
1586	15.2740	1.0107
1587	15.2740	1.0108
1588	15.2740	1.0110
1589	15.2730	1.0112
1590	15.2730	1.0113
1591	15.2720	1.0115
1592	15.2720	1.0117
1593	15.2720	1.0117
1594	15.2710	1.0120
1595	15.2710	1.0120
1596	15.2700	1.0123
1597	15.2700	1.0123
1598	15.2700	1.0125
1599	15.2690	1.0127
1600	15.2690	1.0130
1601	15.2680	1.0130
1602	15.2680	1.0132
1603	15.2680	1.0133
1604	15.2670	1.0135
1605	15.2670	1.0137
1606	15.2660	1.0138
1607	15.2660	1.0138
1608	15.2650	1.0142
1609	15.2650	1.0142
1610	15.2650	1.0145
1611	15.2640	1.0145
1612	15.2640	1.0148
1613	15.2630	1.0148
1614	15.2630	1.0152
1615	15.2630	1.0152
1616	15.2620	1.0155
1617	15.2620	1.0155
1618	15.2610	1.0155
1619	15.2610	1.0158
1620	15.2610	1.0162
1621	15.2600	1.0162
1622	15.2600	1.0162
1623	15.2590	1.0165
1624	15.2590	1.0167
1625	15.2590	1.0168
1626	15.2580	1.0168
1627	15.2580	1.0172
1628	15.2580	1.0173
1629	15.2570	1.0175
1630	15.2570	1.0175
1631	15.2560	1.0178
1632	15.2560	1.0180
1633	15.2560	1.0182
1634	15.2550	1.0182
1635	15.2550	1.0185
1636	15.2540	1.0185
1637	15.2540	1.0187
1638	15.2540	1.0190
1639	15.2530	1.0190
1640	15.2530	1.0193
1641	15.2520	1.0193
1642	15.2520	1.0197
1643	15.2520	1.0197
1644	15.2510	1.0200
1645	15.2510	1.0202
1646	15.2500	1.0203
1647	15.2500	1.0203
1648	15.2500	1.0207
1649	15.2490	1.0208
1650	15.2490	1.0210
1651	15.2490	1.0210
1652	15.2480	1.0213
1653	15.2480	1.0215
1654	15.2480	1.0215
1655	15.2470	1.0218
1656	15.2470	1.0218
1657	15.2460	1.0222
1658	15.2460	1.0222
1659	15.2460	1.0225
1660	15.2450	1.0227
1661	15.2450	1.0228
1662	15.2440	1.0228
1663	15.2440	1.0232
1664	15.2440	1.0233
1665	15.2430	1.0233
1666	15.2430	1.0237
1667	15.2430	1.0237
1668	15.2420	1.0240
1669	15.2420	1.0242
1670	15.2420	1.0243
1671	15.2410	1.0245
1672	15.2410	1.0245
1673	15.2400	1.0248
1674	15.2400	1.0248
1675	15.2400	1.0252
1676	15.2390	1.0253
1677	15.2390	1.0255
1678	15.2390	1.0257
1679	15.2380	1.0260
1680	15.2380	1.0260
1681	15.2380	1.0262
1682	15.2370	1.0263
1683	15.2370	1.0265
1684	15.2360	1.0267
1685	15.2360	1.0268
1686	15.2360	1.0272
1687	15.2350	1.0272
1688	15.2350	1.0273
1689	15.2350	1.0277
1690	15.2340	1.0277
1691	15.2340	1.0280
1692	15.2340	1.0282
1693	15.2330	1.0283
1694	15.2330	1.0285
1695	15.2320	1.0288
1696	15.2320	1.0288
1697	15.2320	1.0290
1698	15.2310	1.0292
1699	15.2310	1.0293
1700	15.2310	1.0295
1701	15.2300	1.0297
1702	15.2300	1.0300
1703	15.2300	1.0300
1704	15.2290	1.0302
1705	15.2290	1.0305
1706	15.2290	1.0305
1707	15.2280	1.0308
1708	15.2280	1.0310
1709	15.2280	1.0312
1710	15.2270	1.0313
1711	15.2270	1.0315
1712	15.2260	1.0317
1713	15.2260	1.0318
1714	15.2260	1.0322
1715	15.2260	1.0322
1716	15.2250	1.0323
1717	15.2250	1.0327
1718	15.2240	1.0327
1719	15.2240	1.0330
1720	15.2240	1.0332
1721	15.2240	1.0335
1722	15.2230	1.0335
1723	15.2230	1.0337
1724	15.2220	1.0338
1725	15.2220	1.0340
1726	15.2220	1.0343
1727	15.2210	1.0345
1728	15.2210	1.0345
1729	15.2210	1.0348
1730	15.2200	1.0350
1731	15.2200	1.0352
1732	15.2200	1.0353
1733	15.2190	1.0355
1734	15.2190	1.0357
1735	15.2190	1.0358
1736	15.2180	1.0362
1737	15.2180	1.0362
1738	15.2180	1.0365
1739	15.2180	1.0367
1740	15.2170	1.0368
1741	15.2170	1.0372
1742	15.2160	1.0372
1743	15.2160	1.0373
1744	15.2160	1.0377
1745	15.2160	1.0377
1746	15.2150	1.0380
1747	15.2150	1.0382
1748	15.2140	1.0382
1749	15.2140	1.0385
1750	15.2140	1.0387
1751	15.2140	1.0390
1752	15.2130	1.0390
1753	15.2130	1.0392
1754	15.2130	1.0395
1755	15.2120	1.0397
1756	15.2120	1.0400
1757	15.2120	1.0400
1758	15.2110	1.0402
1759	15.2110	1.0405
1760	15.2110	1.0405
1761	15.2100	1.0408
1762	15.2100	1.0410
1763	15.2100	1.0412
1764	15.2100	1.0415
1765	15.2090	1.0415
1766	15.2090	1.0417
1767	15.2090	1.0420
1768	15.2080	1.0422
1769	15.2080	1.0422
1770	15.2080	1.0425
1771	15.2070	1.0427
1772	15.2070	1.0428
1773	15.2070	1.0432
1774	15.2060	1.0432
1775	15.2060	1.0435
1776	15.2060	1.0437
1777	15.2060	1.0438
1778	15.2050	1.0440
1779	15.2050	1.0442
1780	15.2050	1.0443
1781	15.2040	1.0447
1782	15.2040	1.0448
1783	15.2040	1.0452
1784	15.2040	1.0453
1785	15.2030	1.0453
1786	15.2030	1.0457
1787	15.2030	1.0458
1788	15.2020	1.0460
1789	15.2020	1.0462
1790	15.2020	1.0463
1791	15.2010	1.0465
1792	15.2010	1.0468
1793	15.2010	1.0470
1794	15.2000	1.0473
1795	15.2000	1.0473
1796	15.2000	1.0475
1797	15.2000	1.0478
1798	15.1990	1.0480
1799	15.1990	1.0482
1800	15.1990	1.0485
1801	15.1980	1.0487
1802	15.1980	1.0487
1803	15.1980	1.0490
1804	15.1980	1.0492
1805	15.1970	1.0493
1806	15.1970	1.0497
1807	15.1970	1.0498
1808	15.1970	1.0498
1809	15.1960	1.0502
1810	15.1960	1.0503
1811	15.1960	1.0505
1812	15.1960	1.0508
1813	15.1950	1.0510
1814	15.1950	1.0512
1815	15.1950	1.0515
1816	15.1940	1.0515
1817	15.1940	1.0517
1818	15.1940	1.0520
1819	15.1940	1.0522
1820	15.1930	1.0523
1821	15.1930	1.0527
1822	15.1930	1.0528
1823	15.1920	1.0528
1824	15.1920	1.0533
1825	15.1920	1.0533
1826	15.1920	1.0535
1827	15.1910	1.0538
1828	15.1910	1.0540
1829	15.1910	1.0542
1830	15.1910	1.0545
1831	15.1900	1.0547
1832	15.1900	1.0548
1833	15.1900	1.0552
1834	15.1900	1.0552
1835	15.1890	1.0555
1836	15.1890	1.0555
1837	15.1890	1.0558
1838	15.1890	1.0560
1839	15.1880	1.0562
1840	15.1880	1.0565
1841	15.1880	1.0567
1842	15.1880	1.0568
1843	15.1870	1.0570
1844	15.1870	1.0573
1845	15.1870	1.0575
1846	15.1860	1.0578
1847	15.1860	1.0580
1848	15.1860	1.0580
1849	15.1860	1.0585
1850	15.1860	1.0585
1851	15.1850	1.0587
1852	15.1850	1.0588
1853	15.1850	1.0592
1854	15.1840	1.0593
1855	15.1840	1.0595
1856	15.1840	1.0598

