Day	P50	StdDev
0	3.3460	0.3803
1	3.3170	0.3798
2	3.3370	0.3818
3	3.3630	0.3840
4	3.3920	0.3865
5	3.4220	0.3890
6	3.4540	0.3915
7	3.4880	0.3940
8	3.5220	0.3968
9	3.5580	0.3993
10	3.5940	0.4022
11	3.6320	0.4050
12	3.6710	0.4080
13	3.7110	0.4110
14	3.7530	0.4142
15	3.7960	0.4175
16	3.8390	0.4207
17	3.8830	0.4242
18	3.9270	0.4275
19	3.9710	0.4308
20	4.0160	0.4343
21	4.0600	0.4377
22	4.1050	0.4410
23	4.1490	0.4442
24	4.1930	0.4475
25	4.2370	0.4507
26	4.2810	0.4540
27	4.3240	0.4570
28	4.3670	0.4602
29	4.4100	0.4632
30	4.4520	0.4662
31	4.4950	0.4692
32	4.5360	0.4720
33	4.5780	0.4750
34	4.6180	0.4778
35	4.6590	0.4807
36	4.6990	0.4833
37	4.7390	0.4860
38	4.7780	0.4887
39	4.8170	0.4913
40	4.8550	0.4938
41	4.8930	0.4963
42	4.9300	0.4988
43	4.9670	0.5013
44	5.0040	0.5035
45	5.0400	0.5060
46	5.0760	0.5083
47	5.1120	0.5105
48	5.1470	0.5128
49	5.1820	0.5150
50	5.2160	0.5170
51	5.2500	0.5192
52	5.2840	0.5212
53	5.3170	0.5233
54	5.3500	0.5253
55	5.3830	0.5273
56	5.4150	0.5292
57	5.4470	0.5310
58	5.4780	0.5330
59	5.5100	0.5348
60	5.5410	0.5367
61	5.5710	0.5385
62	5.6020	0.5403
63	5.6320	0.5422
64	5.6620	0.5438
65	5.6910	0.5455
66	5.7200	0.5472
67	5.7490	0.5488
68	5.7780	0.5505
69	5.8060	0.5522
70	5.8350	0.5537
71	5.8620	0.5553
72	5.8900	0.5568
73	5.9170	0.5583
74	5.9440	0.5598
75	5.9710	0.5615
76	5.9980	0.5628
77	6.0240	0.5643
78	6.0500	0.5658
79	6.0760	0.5673
80	6.1020	0.5687
81	6.1270	0.5702
82	6.1520	0.5715
83	6.1770	0.5728
84	6.2020	0.5742
85	6.2260	0.5757
86	6.2510	0.5768
87	6.2750	0.5782
88	6.2990	0.5793
89	6.3220	0.5807
90	6.3460	0.5820
91	6.3690	0.5833
92	6.3920	0.5845
93	6.4150	0.5858
94	6.4380	0.5870
95	6.4600	0.5883
96	6.4820	0.5895
97	6.5050	0.5908
98	6.5260	0.5920
99	6.5480	0.5930
100	6.5700	0.5943
101	6.5910	0.5955
102	6.6130	0.5967
103	6.6340	0.5978
104	6.6550	0.5990
105	6.6760	0.6000
106	6.6960	0.6013
107	6.7170	0.6025
108	6.7370	0.6035
109	6.7570	0.6047
110	6.7770	0.6057
111	6.7970	0.6068
112	6.8170	0.6080
113	6.8360	0.6092
114	6.8560	0.6103
115	6.8750	0.6113
116	6.8940	0.6123
117	6.9140	0.6135
118	6.9320	0.6147
119	6.9510	0.6157
120	6.9700	0.6167
121	6.9880	0.6178
122	7.0070	0.6188
123	7.0250	0.6200
124	7.0430	0.6208
125	7.0620	0.6220
126	7.0790	0.6230
127	7.0970	0.6242
128	7.1150	0.6252
129	7.1320	0.6263
130	7.1500	0.6273
131	7.1670	0.6283
132	7.1850	0.6293
133	7.2020	0.6303
134	7.2190	0.6313
135	7.2360	0.6325
136	7.2520	0.6335
137	7.2690	0.6345
138	7.2860	0.6355
139	7.3020	0.6365
140	7.3190	0.6377
141	7.3350	0.6385
142	7.3510	0.6397
143	7.3670	0.6405
144	7.3830	0.6415
145	7.3990	0.6427
146	7.4150	0.6437
147	7.4310	0.6447
148	7.4460	0.6457
149	7.4620	0.6467
150	7.4770	0.6475
151	7.4920	0.6485
152	7.5080	0.6495
153	7.5230	0.6505
154	7.5380	0.6515
155	7.5530	0.6527
156	7.5680	0.6535
157	7.5820	0.6545
158	7.5970	0.6553
159	7.6120	0.6563
160	7.6260	0.6573
161	7.6410	0.6583
162	7.6550	0.6593
163	7.6690	0.6603
164	7.6830	0.6612
165	7.6980	0.6623
166	7.7120	0.6632
167	7.7260	0.6642
168	7.7390	0.6650
169	7.7530	0.6662
170	7.7670	0.6670
171	7.7800	0.6680
172	7.7940	0.6690
173	7.8080	0.6700
174	7.8210	0.6708
175	7.8340	0.6718
176	7.8480	0.6727
177	7.8610	0.6737
178	7.8740	0.6745
179	7.8870	0.6755
180	7.9000	0.6765
181	7.9130	0.6775
182	7.9260	0.6783
183	7.9390	0.6793
184	7.9520	0.6803
185	7.9640	0.6812
186	7.9770	0.6820
187	7.9900	0.6830
188	8.0020	0.6840
189	8.0140	0.6848
190	8.0270	0.6858
191	8.0390	0.6867
192	8.0520	0.6877
193	8.0640	0.6885
194	8.0760	0.6893
195	8.0880	0.6905
196	8.1000	0.6913
197	8.1120	0.6922
198	8.1240	0.6932
199	8.1360	0.6940
200	8.1480	0.6950
201	8.1590	0.6960
202	8.1710	0.6967
203	8.1830	0.6977
204	8.1940	0.6987
205	8.2060	0.6993
206	8.2170	0.7003
207	8.2290	0.7012
208	8.2400	0.7022
209	8.2510	0.7030
210	8.2630	0.7040
211	8.2740	0.7048
212	8.2850	0.7057
213	8.2960	0.7065
214	8.3070	0.7073
215	8.3180	0.7083
216	8.3290	0.7092
217	8.3400	0.7100
218	8.3510	0.7108
219	8.3620	0.7118
220	8.3730	0.7127
221	8.3840	0.7135
222	8.3940	0.7143
223	8.4050	0.7153
224	8.4160	0.7160
225	8.4260	0.7170
226	8.4370	0.7180
227	8.4470	0.7187
228	8.4580	0.7195
229	8.4680	0.7205
230	8.4790	0.7212
231	8.4890	0.7220
232	8.4990	0.7228
233	8.5100	0.7238
234	8.5200	0.7247
235	8.5300	0.7255
236	8.5400	0.7263
237	8.5500	0.7272
238	8.5600	0.7280
239	8.5700	0.7288
240	8.5800	0.7297
241	8.5900	0.7303
242	8.6000	0.7312
243	8.6100	0.7322
244	8.6200	0.7330
245	8.6300	0.7338
246	8.6400	0.7347
247	8.6490	0.7355
248	8.6590	0.7362
249	8.6690	0.7372
250	8.6780	0.7378
251	8.6880	0.7387
252	8.6980	0.7395
253	8.7070	0.7402
254	8.7170	0.7412
255	8.7260	0.7420
256	8.7360	0.7427
257	8.7450	0.7437
258	8.7550	0.7443
259	8.7640	0.7452
260	8.7740	0.7460
261	8.7830	0.7467
262	8.7920	0.7475
263	8.8020	0.7485
264	8.8110	0.7492
265	8.8200	0.7498
266	8.8290	0.7507
267	8.8380	0.7515
268	8.8480	0.7523
269	8.8570	0.7532
270	8.8660	0.7540
271	8.8750	0.7547
272	8.8840	0.7557
273	8.8930	0.7562
274	8.9020	0.7570
275	8.9110	0.7578
276	8.9200	0.7585
277	8.9290	0.7595
278	8.9380	0.7603
279	8.9470	0.7610
280	8.9560	0.7618
281	8.9640	0.7625
282	8.9730	0.7633
283	8.9820	0.7640
284	8.9910	0.7648
285	9.0000	0.7657
286	9.0080	0.7665
287	9.0170	0.7672
288	9.0260	0.7678
289	9.0340	0.7688
290	9.0430	0.7695
291	9.0520	0.7702
292	9.0600	0.7710
293	9.0690	0.7718
294	9.0770	0.7725
295	9.0860	0.7733
296	9.0940	0.7740
297	9.1030	0.7748
298	9.1110	0.7757
299	9.1200	0.7763
300	9.1280	0.7772
301	9.1370	0.7778
302	9.1450	0.7787
303	9.1530	0.7793
304	9.1620	0.7802
305	9.1700	0.7808
306	9.1780	0.7817
307	9.1870	0.7823
308	9.1950	0.7830
309	9.2030	0.7838
310	9.2120	0.7845
311	9.2200	0.7853
312	9.2280	0.7860
313	9.2360	0.7868
314	9.2450	0.7877
315	9.2530	0.7882
316	9.2610	0.7890
317	9.2690	0.7898
318	9.2770	0.7905
319	9.2850	0.7912
320	9.2940	0.7920
321	9.3020	0.7925
322	9.3100	0.7933
323	9.3180	0.7942
324	9.3260	0.7948
325	9.3340	0.7957
326	9.3420	0.7963
327	9.3500	0.7970
328	9.3580	0.7978
329	9.3660	0.7985
330	9.3740	0.7993
331	9.3820	0.8000
332	9.3900	0.8007
333	9.3980	0.8013
334	9.4060	0.8022
335	9.4140	0.8028
336	9.4220	0.8037
337	9.4290	0.8043
338	9.4370	0.8052
339	9.4450	0.8058
340	9.4530	0.8065
341	9.4610	0.8073
342	9.4690	0.8080
343	9.4760	0.8087
344	9.4840	0.8095
345	9.4920	0.8102
346	9.5000	0.8108
347	9.5080	0.8115
348	9.5160	0.8123
349	9.5230	0.8130
350	9.5310	0.8137
351	9.5390	0.8145
352	9.5460	0.8152
353	9.5540	0.8158
354	9.5620	0.8165
355	9.5700	0.8172
356	9.5770	0.8178
357	9.5850	0.8188
358	9.5930	0.8193
359	9.6000	0.8202
360	9.6080	0.8208
361	9.6160	0.8215
362	9.6230	0.8222
363	9.6310	0.8230
364	9.6380	0.8238
365	9.6460	0.8245
366	9.6540	0.8252
367	9.6610	0.8258
368	9.6690	0.8265
369	9.6760	0.8272
370	9.6840	0.8280
371	9.6910	0.8287
372	9.6990	0.8293
373	9.7060	0.8300
374	9.7140	0.8308
375	9.7210	0.8315
376	9.7290	0.8322
377	9.7360	0.8328
378	9.7440	0.8337
379	9.7510	0.8343
380	9.7590	0.8350
381	9.7660	0.8358
382	9.7740	0.8365
383	9.7810	0.8372
384	9.7890	0.8377
385	9.7960	0.8385
386	9.8040	0.8392
387	9.8110	0.8400
388	9.8180	0.8407
389	9.8260	0.8413
390	9.8330	0.8420
391	9.8400	0.8427
392	9.8480	0.8433
393	9.8550	0.8442
394	9.8620	0.8448
395	9.8700	0.8455
396	9.8770	0.8462
397	9.8840	0.8468
398	9.8920	0.8477
399	9.8990	0.8483
400	9.9060	0.8492
401	9.9140	0.8498
402	9.9210	0.8503
403	9.9280	0.8512
404	9.9360	0.8518
405	9.9430	0.8525
406	9.9500	0.8532
407	9.9580	0.8540
408	9.9650	0.8547
409	9.9720	0.8553
410	9.9790	0.8560
411	9.9860	0.8568
412	9.9940	0.8573
413	10.0010	0.8582
414	10.0080	0.8588
415	10.0150	0.8595
416	10.0230	0.8602
417	10.0300	0.8610
418	10.0370	0.8615
419	10.0440	0.8623
420	10.0510	0.8632
421	10.0590	0.8637
422	10.0660	0.8645
423	10.0730	0.8650
424	10.0800	0.8658
425	10.0870	0.8665
426	10.0940	0.8672
427	10.1020	0.8678
428	10.1090	0.8687
429	10.1160	0.8693
430	10.1230	0.8700
431	10.1300	0.8707
432	10.1370	0.8713
433	10.1440	0.8720
434	10.1520	0.8728
435	10.1590	0.8735
436	10.1660	0.8742
437	10.1730	0.8750
438	10.1800	0.8755
439	10.1870	0.8763
440	10.1940	0.8770
441	10.2010	0.8777
442	10.2080	0.8785
443	10.2150	0.8790
444	10.2220	0.8798
445	10.2290	0.8805
446	10.2360	0.8812
447	10.2440	0.8818
448	10.2510	0.8827
449	10.2580	0.8832
450	10.2650	0.8840
451	10.2720	0.8847
452	10.2790	0.8853
453	10.2860	0.8860
454	10.2930	0.8868
455	10.3000	0.8875
456	10.3070	0.8882
457	10.3140	0.8888
458	10.3210	0.8897
459	10.3280	0.8903
460	10.3350	0.8910
461	10.3420	0.8917
462	10.3490	0.8923
463	10.3560	0.8930
464	10.3630	0.8937
465	10.3700	0.8945
466	10.3770	0.8952
467	10.3840	0.8958
468	10.3910	0.8965
469	10.3980	0.8973
470	10.4050	0.8980
471	10.4120	0.8987
472	10.4190	0.8993
473	10.4260	0.9000
474	10.4330	0.9008
475	10.4400	0.9013
476	10.4460	0.9022
477	10.4540	0.9028
478	10.4600	0.9037
479	10.4670	0.9043
480	10.4740	0.9048
481	10.4810	0.9057
482	10.4880	0.9063
483	10.4950	0.9072
484	10.5020	0.9078
485	10.5090	0.9085
486	10.5160	0.9092
487	10.5230	0.9098
488	10.5300	0.9105
489	10.5370	0.9113
490	10.5440	0.9120
491	10.5500	0.9127
492	10.5570	0.9133
493	10.5640	0.9142
494	10.5710	0.9148
495	10.5780	0.9155
496	10.5850	0.9163
497	10.5920	0.9168
498	10.5990	0.9175
499	10.6060	0.9183
500	10.6120	0.9190
501	10.6190	0.9198
502	10.6260	0.9205
503	10.6330	0.9212
504	10.6400	0.9220
505	10.6470	0.9225
506	10.6540	0.9232
507	10.6600	0.9240
508	10.6670	0.9247
509	10.6740	0.9253
510	10.6810	0.9262
511	10.6880	0.9268
512	10.6950	0.9277
513	10.7020	0.9283
514	10.7080	0.9288
515	10.7150	0.9295
516	10.7220	0.9303
517	10.7290	0.9310
518	10.7360	0.9317
519	10.7430	0.9325
520	10.7490	0.9332
521	10.7560	0.9338
522	10.7630	0.9347
523	10.7700	0.9353
524	10.7770	0.9360
525	10.7840	0.9367
526	10.7900	0.9375
527	10.7970	0.9382
528	10.8040	0.9388
529	10.8110	0.9395
530	10.8170	0.9402
531	10.8240	0.9410
532	10.8310	0.9417
533	10.8380	0.9423
534	10.8450	0.9432
535	10.8510	0.9438
536	10.8580	0.9445
537	10.8650	0.9452
538	10.8720	0.9460
539	10.8780	0.9467
540	10.8850	0.9473
541	10.8920	0.9482
542	10.8990	0.9488
543	10.9060	0.9495
544	10.9120	0.9503
545	10.9190	0.9510
546	10.9260	0.9517
547	10.9330	0.9525
548	10.9390	0.9532
549	10.9460	0.9538
550	10.9530	0.9545
551	10.9600	0.9553
552	10.9660	0.9560
553	10.9730	0.9567
554	10.9800	0.9575
555	10.9860	0.9582
556	10.9930	0.9588
557	11.0000	0.9595
558	11.0070	0.9603
559	11.0130	0.9610
560	11.0200	0.9618
561	11.0270	0.9625
562	11.0340	0.9632
563	11.0400	0.9638
564	11.0470	0.9645
565	11.0540	0.9655
566	11.0600	0.9662
567	11.0670	0.9668
568	11.0740	0.9675
569	11.0810	0.9683
570	11.0870	0.9690
571	11.0940	0.9697
572	11.1010	0.9705
573	11.1070	0.9712
574	11.1140	0.9718
575	11.1210	0.9727
576	11.1280	0.9733
577	11.1340	0.9740
578	11.1410	0.9747
579	11.1480	0.9757
580	11.1540	0.9763
581	11.1610	0.9770
582	11.1680	0.9777
583	11.1740	0.9785
584	11.1810	0.9792
585	11.1880	0.9798
586	11.1940	0.9805
587	11.2010	0.9813
588	11.2080	0.9820
589	11.2140	0.9828
590	11.2210	0.9837
591	11.2280	0.9843
592	11.2340	0.9850
593	11.2410	0.9857
594	11.2480	0.9865
595	11.2540	0.9872
596	11.2610	0.9878
597	11.2680	0.9885
598	11.2740	0.9895
599	11.2810	0.9902
600	11.2880	0.9908
601	11.2940	0.9917
602	11.3010	0.9923
603	11.3080	0.9930
604	11.3140	0.9938
605	11.3210	0.9945
606	11.3280	0.9953
607	11.3340	0.9960
608	11.3410	0.9968
609	11.3480	0.9975
610	11.3540	0.9982
611	11.3610	0.9990
612	11.3680	0.9997
613	11.3740	1.0005
614	11.3810	1.0013
615	11.3880	1.0020
616	11.3940	1.0027
617	11.4010	1.0033
618	11.4080	1.0042
619	11.4140	1.0048
620	11.4210	1.0057
621	11.4280	1.0065
622	11.4340	1.0072
623	11.4410	1.0078
624	11.4480	1.0087
625	11.4540	1.0093
626	11.4610	1.0100
627	11.4680	1.0108
628	11.4740	1.0117
629	11.4810	1.0123
630	11.4880	1.0130
631	11.4940	1.0138
632	11.5010	1.0145
633	11.5080	1.0153
634	11.5140	1.0162
635	11.5210	1.0168
636	11.5270	1.0175
637	11.5340	1.0185
638	11.5410	1.0192
639	11.5470	1.0198
640	11.5540	1.0207
641	11.5610	1.0213
642	11.5670	1.0220
643	11.5740	1.0228
644	11.5810	1.0237
645	11.5870	1.0243
646	11.5940	1.0250
647	11.6000	1.0258
648	11.6070	1.0265
649	11.6140	1.0273
650	11.6200	1.0282
651	11.6270	1.0288
652	11.6340	1.0295
653	11.6400	1.0303
654	11.6470	1.0312
655	11.6540	1.0318
656	11.6600	1.0327
657	11.6670	1.0333
658	11.6730	1.0342
659	11.6800	1.0350
660	11.6870	1.0357
661	11.6930	1.0363
662	11.7000	1.0372
663	11.7060	1.0380
664	11.7130	1.0387
665	11.7200	1.0395
666	11.7260	1.0402
667	11.7330	1.0410
668	11.7400	1.0418
669	11.7460	1.0425
670	11.7530	1.0432
671	11.7600	1.0442
672	11.7660	1.0448
673	11.7730	1.0455
674	11.7790	1.0463
675	11.7860	1.0470
676	11.7920	1.0480
677	11.7990	1.0487
678	11.8060	1.0493
679	11.8120	1.0500
680	11.8190	1.0510
681	11.8260	1.0517
682	11.8320	1.0523
683	11.8390	1.0532
684	11.8450	1.0540
685	11.8520	1.0548
686	11.8590	1.0555
687	11.8650	1.0562
688	11.8720	1.0570
689	11.8780	1.0578
690	11.8850	1.0585
691	11.8920	1.0593
692	11.8980	1.0602
693	11.9050	1.0608
694	11.9110	1.0617
695	11.9180	1.0623
696	11.9250	1.0632
697	11.9310	1.0640
698	11.9380	1.0647
699	11.9440	1.0653
700	11.9510	1.0663
701	11.9580	1.0670
702	11.9640	1.0678
703	11.9710	1.0687
704	11.9770	1.0693
705	11.9840	1.0700
706	11.9900	1.0708
707	11.9970	1.0717
708	12.0040	1.0725
709	12.0100	1.0732
710	12.0170	1.0740
711	12.0230	1.0747
712	12.0300	1.0755
713	12.0370	1.0762
714	12.0430	1.0772
715	12.0500	1.0778
716	12.0560	1.0787
717	12.0630	1.0795
718	12.0690	1.0802
719	12.0760	1.0808
720	12.0830	1.0817
721	12.0890	1.0825
722	12.0960	1.0833
723	12.1020	1.0840
724	12.1090	1.0848
725	12.1150	1.0857
726	12.1220	1.0863
727	12.1280	1.0873
728	12.1350	1.0880
729	12.1420	1.0887
730	12.1480	1.0895
731	12.1550	1.0903
732	12.1610	1.0910
733	12.1680	1.0920
734	12.1740	1.0927
735	12.1810	1.0933
736	12.1880	1.0943
737	12.1940	1.0950
738	12.2010	1.0957
739	12.2070	1.0967
740	12.2140	1.0973
741	12.2200	1.0980
742	12.2270	1.0990
743	12.2330	1.0997
744	12.2400	1.1005
745	12.2460	1.1013
746	12.2530	1.1020
747	12.2590	1.1030
748	12.2660	1.1037
749	12.2720	1.1043
750	12.2790	1.1053
751	12.2860	1.1060
752	12.2920	1.1067
753	12.2990	1.1075
754	12.3050	1.1083
755	12.3120	1.1090
756	12.3180	1.1098
757	12.3250	1.1107
758	12.3310	1.1115
759	12.3380	1.1122
760	12.3440	1.1130
761	12.3510	1.1138
762	12.3570	1.1147
763	12.3640	1.1155
764	12.3700	1.1162
765	12.3770	1.1170
766	12.3830	1.1178
767	12.3900	1.1185
768	12.3960	1.1193
769	12.4020	1.1202
770	12.4090	1.1208
771	12.4150	1.1217
772	12.4220	1.1223
773	12.4280	1.1233
774	12.4350	1.1240
775	12.4410	1.1248
776	12.4480	1.1257
777	12.4540	1.1263
778	12.4610	1.1272
779	12.4670	1.1280
780	12.4740	1.1288
781	12.4800	1.1295
782	12.4860	1.1303
783	12.4930	1.1312
784	12.4990	1.1320
785	12.5060	1.1327
786	12.5120	1.1337
787	12.5190	1.1343
788	12.5250	1.1350
789	12.5310	1.1358
790	12.5380	1.1367
791	12.5440	1.1375
792	12.5510	1.1382
793	12.5570	1.1390
794	12.5630	1.1397
795	12.5700	1.1407
796	12.5760	1.1413
797	12.5830	1.1422
798	12.5890	1.1428
799	12.5950	1.1438
800	12.6020	1.1445
801	12.6080	1.1453
802	12.6140	1.1460
803	12.6210	1.1468
804	12.6270	1.1477
805	12.6340	1.1485
806	12.6400	1.1492
807	12.6460	1.1500
808	12.6530	1.1507
809	12.6590	1.1517
810	12.6650	1.1523
811	12.6720	1.1532
812	12.6780	1.1538
813	12.6840	1.1547
814	12.6910	1.1557
815	12.6970	1.1563
816	12.7030	1.1572
817	12.7100	1.1578
818	12.7160	1.1587
819	12.7220	1.1593
820	12.7290	1.1603
821	12.7350	1.1608
822	12.7410	1.1617
823	12.7480	1.1625
824	12.7540	1.1633
825	12.7600	1.1642
826	12.7660	1.1648
827	12.7730	1.1657
828	12.7790	1.1663
829	12.7850	1.1673
830	12.7920	1.1682
831	12.7980	1.1688
832	12.8040	1.1697
833	12.8100	1.1703
834	12.8170	1.1712
835	12.8230	1.1720
836	12.8290	1.1727
837	12.8360	1.1735
838	12.8420	1.1742
839	12.8480	1.1752
840	12.8540	1.1760
841	12.8600	1.1767
842	12.8670	1.1775
843	12.8730	1.1783
844	12.8790	1.1788
845	12.8850	1.1797
846	12.8920	1.1805
847	12.8980	1.1813
848	12.9040	1.1822
849	12.9100	1.1828
850	12.9160	1.1837
851	12.9230	1.1845
852	12.9290	1.1852
853	12.9350	1.1860
854	12.9410	1.1868
855	12.9470	1.1875
856	12.9540	1.1883
857	12.9600	1.1892
858	12.9660	1.1898
859	12.9720	1.1907
860	12.9780	1.1915
861	12.9840	1.1923
862	12.9900	1.1930
863	12.9970	1.1937
864	13.0030	1.1943
865	13.0090	1.1952
866	13.0150	1.1960
867	13.0210	1.1968
868	13.0270	1.1975
869	13.0330	1.1983
870	13.0400	1.1992
871	13.0460	1.1998
872	13.0520	1.2007
873	13.0580	1.2015
874	13.0640	1.2023
875	13.0700	1.2030
876	13.0760	1.2038
877	13.0820	1.2047
878	13.0880	1.2052
879	13.0940	1.2060
880	13.1010	1.2068
881	13.1070	1.2077
882	13.1130	1.2085
883	13.1190	1.2092
884	13.1250	1.2100
885	13.1310	1.2108
886	13.1370	1.2115
887	13.1430	1.2122
888	13.1490	1.2130
889	13.1550	1.2138
890	13.1610	1.2147
891	13.1670	1.2155
892	13.1730	1.2160
893	13.1790	1.2168
894	13.1850	1.2177
895	13.1910	1.2185
896	13.1970	1.2192
897	13.2030	1.2200
898	13.2100	1.2207
899	13.2160	1.2215
900	13.2220	1.2223
901	13.2280	1.2232
902	13.2340	1.2238
903	13.2400	1.2247
904	13.2460	1.2253
905	13.2520	1.2262
906	13.2580	1.2270
907	13.2630	1.2275
908	13.2690	1.2283
909	13.2750	1.2292
910	13.2810	1.2300
911	13.2870	1.2308
912	13.2930	1.2315
913	13.2990	1.2323
914	13.3050	1.2330
915	13.3110	1.2338
916	13.3170	1.2345
917	13.3230	1.2353
918	13.3290	1.2360
919	13.3350	1.2368
920	13.3410	1.2377
921	13.3470	1.2383
922	13.3530	1.2392
923	13.3590	1.2398
924	13.3650	1.2407
925	13.3700	1.2415
926	13.3760	1.2422
927	13.3820	1.2430
928	13.3880	1.2437
929	13.3940	1.2443
930	13.4000	1.2452
931	13.4060	1.2460
932	13.4120	1.2467
933	13.4180	1.2475
934	13.4240	1.2483
935	13.4300	1.2492
936	13.4350	1.2498
937	13.4410	1.2505
938	13.4470	1.2513
939	13.4530	1.2522
940	13.4590	1.2527
941	13.4650	1.2535
942	13.4710	1.2543
943	13.4760	1.2550
944	13.4820	1.2558
945	13.4880	1.2567
946	13.4940	1.2573
947	13.5000	1.2582
948	13.5060	1.2588
949	13.5120	1.2597
950	13.5180	1.2605
951	13.5230	1.2612
952	13.5290	1.2620
953	13.5350	1.2628
954	13.5410	1.2635
955	13.5470	1.2642
956	13.5520	1.2650
957	13.5580	1.2657
958	13.5640	1.2665
959	13.5700	1.2672
960	13.5760	1.2682
961	13.5820	1.2688
962	13.5870	1.2697
963	13.5930	1.2703
964	13.5990	1.2710
965	13.6050	1.2717
966	13.6100	1.2725
967	13.6160	1.2732
968	13.6220	1.2740
969	13.6280	1.2748
970	13.6340	1.2755
971	13.6390	1.2763
972	13.6450	1.2770
973	13.6510	1.2777
974	13.6570	1.2785
975	13.6620	1.2793
976	13.6680	1.2800
977	13.6740	1.2808
978	13.6800	1.2817
979	13.6860	1.2825
980	13.6910	1.2830
981	13.6970	1.2838
982	13.7030	1.2847
983	13.7080	1.2855
984	13.7140	1.2862
985	13.7200	1.2870
986	13.7260	1.2877
987	13.7310	1.2883
988	13.7370	1.2892
989	13.7430	1.2900
990	13.7490	1.2907
991	13.7540	1.2915
992	13.7600	1.2922
993	13.7660	1.2930
994	13.7720	1.2937
995	13.7770	1.2943
996	13.7830	1.2952
997	13.7890	1.2958
998	13.7940	1.2967
999	13.8000	1.2973
1000	13.8060	1.2982
1001	13.8110	1.2988
1002	13.8170	1.2995
1003	13.8230	1.3003
1004	13.8280	1.3012
1005	13.8340	1.3020
1006	13.8400	1.3027
1007	13.8460	1.3033
1008	13.8510	1.3042
1009	13.8570	1.3048
1010	13.8620	1.3057
1011	13.8680	1.3063
1012	13.8740	1.3072
1013	13.8800	1.3078
1014	13.8850	1.3085
1015	13.8910	1.3093
1016	13.8970	1.3102
1017	13.9020	1.3110
1018	13.9080	1.3117
1019	13.9140	1.3123
1020	13.9190	1.3132
1021	13.9250	1.3138
1022	13.9300	1.3147
1023	13.9360	1.3153
1024	13.9420	1.3160
1025	13.9470	1.3168
1026	13.9530	1.3177
1027	13.9590	1.3183
1028	13.9640	1.3192
1029	13.9700	1.3198
1030	13.9760	1.3205
1031	13.9810	1.3213
1032	13.9870	1.3220
1033	13.9920	1.3228
1034	13.9980	1.3237
1035	14.0040	1.3242
1036	14.0090	1.3252
1037	14.0150	1.3258
1038	14.0210	1.3267
1039	14.0260	1.3273
1040	14.0320	1.3280
1041	14.0380	1.3287
1042	14.0430	1.3295
1043	14.0490	1.3303
1044	14.0540	1.3312
1045	14.0600	1.3318
1046	14.0660	1.3325
1047	14.0710	1.3332
1048	14.0770	1.3340
1049	14.0820	1.3347
1050	14.0880	1.3353
1051	14.0940	1.3363
1052	14.0990	1.3370
1053	14.1050	1.3377
1054	14.1100	1.3383
1055	14.1160	1.3392
1056	14.1220	1.3398
1057	14.1270	1.3407
1058	14.1330	1.3415
1059	14.1380	1.3422
1060	14.1440	1.3430
1061	14.1500	1.3437
1062	14.1550	1.3443
1063	14.1610	1.3450
1064	14.1660	1.3458
1065	14.1720	1.3467
1066	14.1780	1.3475
1067	14.1830	1.3480
1068	14.1890	1.3488
1069	14.1940	1.3495
1070	14.2000	1.3503
1071	14.2050	1.3512
1072	14.2110	1.3518
1073	14.2160	1.3525
1074	14.2220	1.3533
1075	14.2280	1.3540
1076	14.2330	1.3547
1077	14.2390	1.3555
1078	14.2440	1.3563
1079	14.2500	1.3570
1080	14.2550	1.3577
1081	14.2610	1.3585
1082	14.2670	1.3592
1083	14.2720	1.3600
1084	14.2780	1.3607
1085	14.2830	1.3615
1086	14.2890	1.3622
1087	14.2940	1.3628
1088	14.3000	1.3635
1089	14.3060	1.3643
1090	14.3110	1.3652
1091	14.3170	1.3660
1092	14.3220	1.3665
1093	14.3280	1.3673
1094	14.3330	1.3680
1095	14.3390	1.3690
1096	14.3440	1.3697
1097	14.3500	1.3703
1098	14.3550	1.3710
1099	14.3610	1.3717
1100	14.3660	1.3725
1101	14.3720	1.3733
1102	14.3780	1.3740
1103	14.3830	1.3747
1104	14.3890	1.3755
1105	14.3940	1.3762
1106	14.4000	1.3770
1107	14.4050	1.3777
1108	14.4110	1.3785
1109	14.4160	1.3792
1110	14.4220	1.3798
1111	14.4270	1.3805
1112	14.4330	1.3815
1113	14.4380	1.3822
1114	14.4440	1.3828
1115	14.4500	1.3835
1116	14.4550	1.3845
1117	14.4600	1.3852
1118	14.4660	1.3858
1119	14.4720	1.3865
1120	14.4770	1.3873
1121	14.4830	1.3880
1122	14.4880	1.3888
1123	14.4940	1.3895
1124	14.4990	1.3903
1125	14.5050	1.3910
1126	14.5100	1.3917
1127	14.5160	1.3925
1128	14.5210	1.3932
1129	14.5270	1.3940
1130	14.5320	1.3947
1131	14.5380	1.3955
1132	14.5430	1.3962
1133	14.5490	1.3970
1134	14.5540	1.3977
1135	14.5600	1.3983
1136	14.5650	1.3990
1137	14.5710	1.4000
1138	14.5760	1.4007
1139	14.5820	1.4013
1140	14.5880	1.4020
1141	14.5930	1.4030
1142	14.5980	1.4037
1143	14.6040	1.4043
1144	14.6100	1.4050
1145	14.6150	1.4057
1146	14.6200	1.4067
1147	14.6260	1.4073
1148	14.6320	1.4080
1149	14.6370	1.4087
1150	14.6430	1.4095
1151	14.6480	1.4103
1152	14.6540	1.4110
1153	14.6590	1.4117
1154	14.6650	1.4125
1155	14.6700	1.4132
1156	14.6760	1.4140
1157	14.6810	1.4147
1158	14.6870	1.4153
1159	14.6920	1.4162
1160	14.6980	1.4170
1161	14.7030	1.4178
1162	14.7090	1.4183
1163	14.7140	1.4192
1164	14.7200	1.4200
1165	14.7250	1.4207
1166	14.7310	1.4215
1167	14.7360	1.4222
1168	14.7420	1.4228
1169	14.7470	1.4235
1170	14.7530	1.4245
1171	14.7580	1.4250
1172	14.7640	1.4258
1173	14.7690	1.4265
1174	14.7750	1.4272
1175	14.7800	1.4280
1176	14.7860	1.4288
1177	14.7910	1.4295
1178	14.7970	1.4302
1179	14.8020	1.4312
1180	14.8080	1.4317
1181	14.8130	1.4325
1182	14.8190	1.4332
1183	14.8240	1.4342
1184	14.8300	1.4348
1185	14.8350	1.4355
1186	14.8410	1.4362
1187	14.8460	1.4368
1188	14.8520	1.4378
1189	14.8570	1.4385
1190	14.8630	1.4392
1191	14.8680	1.4398
1192	14.8740	1.4408
1193	14.8790	1.4415
1194	14.8850	1.4422
1195	14.8900	1.4428
1196	14.8960	1.4435
1197	14.9010	1.4445
1198	14.9070	1.4452
1199	14.9120	1.4458
1200	14.9180	1.4465
1201	14.9230	1.4475
1202	14.9290	1.4482
1203	14.9340	1.4488
1204	14.9400	1.4497
1205	14.9450	1.4503
1206	14.9510	1.4512
1207	14.9560	1.4518
1208	14.9620	1.4525
1209	14.9670	1.4533
1210	14.9730	1.4542
1211	14.9780	1.4548
1212	14.9840	1.4555
1213	14.9890	1.4563
1214	14.9950	1.4572
1215	15.0000	1.4578
1216	15.0060	1.4587
1217	15.0110	1.4593
1218	15.0170	1.4602
1219	15.0220	1.4608
1220	15.0280	1.4615
1221	15.0330	1.4623
1222	15.0390	1.4632
1223	15.0440	1.4638
1224	15.0500	1.4647
1225	15.0550	1.4653
1226	15.0610	1.4660
1227	15.0660	1.4668
1228	15.0720	1.4677
1229	15.0770	1.4683
1230	15.0830	1.4690
1231	15.0880	1.4700
1232	15.0940	1.4707
1233	15.0990	1.4713
1234	15.1050	1.4720
1235	15.1100	1.4730
1236	15.1160	1.4737
1237	15.1210	1.4743
1238	15.1270	1.4752
1239	15.1320	1.4757
1240	15.1380	1.4767
1241	15.1430	1.4773
1242	15.1490	1.4780
1243	15.1540	1.4788
1244	15.1600	1.4797
1245	15.1650	1.4803
1246	15.1710	1.4810
1247	15.1760	1.4818
1248	15.1820	1.4827
1249	15.1870	1.4833
1250	15.1930	1.4842
1251	15.1980	1.4850
1252	15.2040	1.4857
1253	15.2090	1.4865
1254	15.2150	1.4872
1255	15.2200	1.4878
1256	15.2260	1.4887
1257	15.2310	1.4895
1258	15.2370	1.4902
1259	15.2420	1.4908
1260	15.2480	1.4918
1261	15.2530	1.4925
1262	15.2590	1.4932
1263	15.2640	1.4940
1264	15.2700	1.4948
1265	15.2750	1.4955
1266	15.2810	1.4962
1267	15.2860	1.4970
1268	15.2920	1.4977
1269	15.2970	1.4985
1270	15.3030	1.4993
1271	15.3080	1.5000
1272	15.3140	1.5008
1273	15.3190	1.5017
1274	15.3240	1.5023
1275	15.3300	1.5030
1276	15.3360	1.5038
1277	15.3410	1.5047
1278	15.3460	1.5053
1279	15.3520	1.5060
1280	15.3580	1.5070
1281	15.3630	1.5077
1282	15.3680	1.5083
1283	15.3740	1.5092
1284	15.3800	1.5100
1285	15.3850	1.5107
1286	15.3900	1.5115
1287	15.3960	1.5123
1288	15.4020	1.5132
1289	15.4070	1.5137
1290	15.4120	1.5145
1291	15.4180	1.5153
1292	15.4230	1.5160
1293	15.4290	1.5168
1294	15.4340	1.5175
1295	15.4400	1.5185
1296	15.4450	1.5192
1297	15.4510	1.5198
1298	15.4560	1.5208
1299	15.4620	1.5215
1300	15.4670	1.5222
1301	15.4730	1.5230
1302	15.4780	1.5238
1303	15.4840	1.5245
1304	15.4890	1.5253
1305	15.4950	1.5260
1306	15.5000	1.5268
1307	15.5060	1.5275
1308	15.5110	1.5283
1309	15.5170	1.5292
1310	15.5220	1.5300
1311	15.5280	1.5307
1312	15.5330	1.5313
1313	15.5390	1.5323
1314	15.5440	1.5330
1315	15.5500	1.5337
1316	15.5550	1.5347
1317	15.5610	1.5353
1318	15.5660	1.5362
1319	15.5720	1.5368
1320	15.5770	1.5377
1321	15.5830	1.5385
1322	15.5880	1.5392
1323	15.5940	1.5398
1324	15.5990	1.5408
1325	15.6050	1.5415
1326	15.6100	1.5423
1327	15.6160	1.5432
1328	15.6210	1.5438
1329	15.6270	1.5445
1330	15.6320	1.5455
1331	15.6380	1.5462
1332	15.6430	1.5468
1333	15.6490	1.5477
1334	15.6540	1.5485
1335	15.6600	1.5493
1336	15.6650	1.5502
1337	15.6700	1.5508
1338	15.6760	1.5517
1339	15.6820	1.5523
1340	15.6870	1.5533
1341	15.6920	1.5540
1342	15.6980	1.5547
1343	15.7030	1.5557
1344	15.7090	1.5563
1345	15.7140	1.5572
1346	15.7200	1.5578
1347	15.7250	1.5587
1348	15.7310	1.5595
1349	15.7360	1.5602
1350	15.7420	1.5612
1351	15.7470	1.5618
1352	15.7530	1.5625
1353	15.7580	1.5635
1354	15.7640	1.5642
1355	15.7690	1.5650
1356	15.7750	1.5657
1357	15.7800	1.5665
1358	15.7860	1.5673
1359	15.7910	1.5682
1360	15.7970	1.5690
1361	15.8020	1.5697
1362	15.8080	1.5703
1363	15.8130	1.5713
1364	15.8180	1.5720
1365	15.8240	1.5728
1366	15.8300	1.5737
1367	15.8350	1.5743
1368	15.8400	1.5752
1369	15.8460	1.5760
1370	15.8510	1.5768
1371	15.8570	1.5775
1372	15.8620	1.5785
1373	15.8680	1.5792
1374	15.8730	1.5798
1375	15.8790	1.5808
1376	15.8840	1.5815
1377	15.8900	1.5823
1378	15.8950	1.5832
1379	15.9010	1.5838
1380	15.9060	1.5847
1381	15.9120	1.5855
1382	15.9170	1.5863
1383	15.9230	1.5872
1384	15.9280	1.5880
1385	15.9340	1.5887
1386	15.9390	1.5893
1387	15.9440	1.5903
1388	15.9500	1.5910
1389	15.9550	1.5920
1390	15.9610	1.5927
1391	15.9660	1.5935
1392	15.9720	1.5942
1393	15.9770	1.5952
1394	15.9830	1.5958
1395	15.9880	1.5968
1396	15.9940	1.5975
1397	15.9990	1.5983
1398	16.0050	1.5992
1399	16.0100	1.6000
1400	16.0160	1.6007
1401	16.0210	1.6015
1402	16.0260	1.6023
1403	16.0320	1.6030
1404	16.0380	1.6040
1405	16.0430	1.6047
1406	16.0480	1.6057
1407	16.0540	1.6063
1408	16.0590	1.6070
1409	16.0650	1.6080
1410	16.0700	1.6087
1411	16.0760	1.6095
1412	16.0810	1.6103
1413	16.0870	1.6112
1414	16.0920	1.6120
1415	16.0980	1.6128
1416	16.1030	1.6137
1417	16.1090	1.6143
1418	16.1140	1.6152
1419	16.1190	1.6160
1420	16.1250	1.6168
1421	16.1300	1.6177
1422	16.1360	1.6183
1423	16.1410	1.6193
1424	16.1470	1.6200
1425	16.1520	1.6210
1426	16.1580	1.6217
1427	16.1630	1.6223
1428	16.1690	1.6233
1429	16.1740	1.6242
1430	16.1800	1.6248
1431	16.1850	1.6258
1432	16.1910	1.6265
1433	16.1960	1.6275
1434	16.2020	1.6282
1435	16.2070	1.6290
1436	16.2120	1.6298
1437	16.2180	1.6307
1438	16.2230	1.6315
1439	16.2290	1.6323
1440	16.2340	1.6330
1441	16.2400	1.6340
1442	16.2450	1.6347
1443	16.2510	1.6355
1444	16.2560	1.6363
1445	16.2620	1.6372
1446	16.2670	1.6380
1447	16.2720	1.6388
1448	16.2780	1.6395
1449	16.2830	1.6405
1450	16.2890	1.6413
1451	16.2940	1.6422
1452	16.3000	1.6430
1453	16.3050	1.6437
1454	16.3110	1.6447
1455	16.3160	1.6453
1456	16.3220	1.6460
1457	16.3270	1.6470
1458	16.3320	1.6477
1459	16.3380	1.6487
1460	16.3430	1.6495
1461	16.3490	1.6502
1462	16.3540	1.6512
1463	16.3600	1.6518
1464	16.3650	1.6528
1465	16.3710	1.6535
1466	16.3760	1.6545
1467	16.3820	1.6552
1468	16.3870	1.6560
1469	16.3930	1.6570
1470	16.3980	1.6577
1471	16.4040	1.6587
1472	16.4090	1.6593
1473	16.4140	1.6603
1474	16.4200	1.6610
1475	16.4250	1.6618
1476	16.4310	1.6628
1477	16.4360	1.6635
1478	16.4420	1.6645
1479	16.4470	1.6652
1480	16.4530	1.6660
1481	16.4580	1.6668
1482	16.4640	1.6677
1483	16.4690	1.6687
1484	16.4740	1.6693
1485	16.4800	1.6700
1486	16.4850	1.6710
1487	16.4910	1.6717
1488	16.4960	1.6727
1489	16.5020	1.6733
1490	16.5070	1.6742
1491	16.5130	1.6752
1492	16.5180	1.6758
1493	16.5240	1.6768
1494	16.5290	1.6775
1495	16.5340	1.6785
1496	16.5400	1.6793
1497	16.5450	1.6800
1498	16.5510	1.6810
1499	16.5560	1.6817
1500	16.5620	1.6827
1501	16.5670	1.6835
1502	16.5730	1.6843
1503	16.5780	1.6852
1504	16.5840	1.6858
1505	16.5890	1.6868
1506	16.5940	1.6875
1507	16.6000	1.6885
1508	16.6050	1.6893
1509	16.6110	1.6902
1510	16.6160	1.6910
1511	16.6220	1.6918
1512	16.6270	1.6927
1513	16.6330	1.6937
1514	16.6380	1.6945
1515	16.6440	1.6952
1516	16.6490	1.6962
1517	16.6540	1.6970
1518	16.6600	1.6978
1519	16.6650	1.6987
1520	16.6710	1.6997
1521	16.6760	1.7003
1522	16.6820	1.7012
1523	16.6870	1.7020
1524	16.6930	1.7028
1525	16.6980	1.7037
1526	16.7040	1.7045
1527	16.7090	1.7055
1528	16.7140	1.7062
1529	16.7200	1.7072
1530	16.7250	1.7080
1531	16.7310	1.7087
1532	16.7360	1.7097
1533	16.7420	1.7105
1534	16.7470	1.7113
1535	16.7530	1.7122
1536	16.7580	1.7130
1537	16.7640	1.7138
1538	16.7690	1.7147
1539	16.7740	1.7155
1540	16.7800	1.7163
1541	16.7850	1.7172
1542	16.7910	1.7180
1543	16.7960	1.7190
1544	16.8020	1.7197
1545	16.8070	1.7207
1546	16.8130	1.7215
1547	16.8180	1.7225
1548	16.8240	1.7232
1549	16.8290	1.7242
1550	16.8340	1.7250
1551	16.8400	1.7258
1552	16.8450	1.7267
1553	16.8510	1.7275
1554	16.8560	1.7283
1555	16.8620	1.7292
1556	16.8670	1.7300
1557	16.8730	1.7308
1558	16.8780	1.7318
1559	16.8840	1.7325
1560	16.8890	1.7335
1561	16.8940	1.7343
1562	16.9000	1.7352
1563	16.9050	1.7362
1564	16.9110	1.7370
1565	16.9160	1.7378
1566	16.9220	1.7387
1567	16.9270	1.7395
1568	16.9330	1.7403
1569	16.9380	1.7412
1570	16.9440	1.7420
1571	16.9490	1.7430
1572	16.9540	1.7437
1573	16.9600	1.7447
1574	16.9650	1.7455
1575	16.9710	1.7463
1576	16.9760	1.7472
1577	16.9820	1.7482
1578	16.9870	1.7490
1579	16.9930	1.7498
1580	16.9980	1.7507
1581	17.0040	1.7517
1582	17.0090	1.7525
1583	17.0140	1.7533
1584	17.0200	1.7542
1585	17.0260	1.7550
1586	17.0310	1.7558
1587	17.0360	1.7567
1588	17.0420	1.7577
1589	17.0470	1.7583
1590	17.0530	1.7593
1591	17.0580	1.7602
1592	17.0640	1.7612
1593	17.0690	1.7618
1594	17.0750	1.7628
1595	17.0800	1.7637
1596	17.0860	1.7645
1597	17.0910	1.7653
1598	17.0960	1.7663
1599	17.1020	1.7670
1600	17.1070	1.7680
1601	17.1130	1.7688
1602	17.1180	1.7697
1603	17.1240	1.7705
1604	17.1290	1.7717
1605	17.1350	1.7723
1606	17.1400	1.7733
1607	17.1460	1.7742
1608	17.1510	1.7750
1609	17.1560	1.7758
1610	17.1620	1.7768
1611	17.1670	1.7775
1612	17.1730	1.7783
1613	17.1780	1.7793
1614	17.1840	1.7800
1615	17.1890	1.7812
1616	17.1950	1.7820
1617	17.2000	1.7828
1618	17.2060	1.7837
1619	17.2110	1.7845
1620	17.2160	1.7853
1621	17.2220	1.7863
1622	17.2270	1.7870
1623	17.2330	1.7880
1624	17.2380	1.7888
1625	17.2440	1.7898
1626	17.2490	1.7908
1627	17.2550	1.7917
1628	17.2600	1.7925
1629	17.2660	1.7933
1630	17.2710	1.7942
1631	17.2760	1.7950
1632	17.2820	1.7958
1633	17.2870	1.7968
1634	17.2930	1.7975
1635	17.2980	1.7985
1636	17.3040	1.7995
1637	17.3090	1.8003
1638	17.3150	1.8012
1639	17.3200	1.8022
1640	17.3260	1.8028
1641	17.3310	1.8038
1642	17.3360	1.8047
1643	17.3420	1.8055
1644	17.3470	1.8063
1645	17.3530	1.8073
1646	17.3580	1.8082
1647	17.3640	1.8092
1648	17.3690	1.8100
1649	17.3740	1.8108
1650	17.3800	1.8117
1651	17.3850	1.8127
1652	17.3910	1.8135
1653	17.3960	1.8143
1654	17.4020	1.8152
1655	17.4070	1.8162
1656	17.4130	1.8172
1657	17.4180	1.8180
1658	17.4240	1.8188
1659	17.4290	1.8197
1660	17.4340	1.8207
1661	17.4400	1.8215
1662	17.4450	1.8223
1663	17.4510	1.8232
1664	17.4560	1.8240
1665	17.4620	1.8248
1666	17.4670	1.8260
1667	17.4730	1.8268
1668	17.4780	1.8277
1669	17.4840	1.8285
1670	17.4890	1.8295
1671	17.4940	1.8302
1672	17.5000	1.8312
1673	17.5050	1.8320
1674	17.5110	1.8330
1675	17.5160	1.8338
1676	17.5220	1.8348
1677	17.5270	1.8355
1678	17.5320	1.8365
1679	17.5380	1.8373
1680	17.5430	1.8383
1681	17.5490	1.8390
1682	17.5540	1.8400
1683	17.5600	1.8408
1684	17.5650	1.8418
1685	17.5710	1.8428
1686	17.5760	1.8437
1687	17.5820	1.8445
1688	17.5870	1.8453
1689	17.5920	1.8463
1690	17.5980	1.8472
1691	17.6030	1.8482
1692	17.6090	1.8488
1693	17.6140	1.8500
1694	17.6200	1.8507
1695	17.6250	1.8517
1696	17.6300	1.8525
1697	17.6360	1.8535
1698	17.6410	1.8542
1699	17.6470	1.8552
1700	17.6520	1.8560
1701	17.6580	1.8570
1702	17.6630	1.8580
1703	17.6690	1.8588
1704	17.6740	1.8597
1705	17.6800	1.8605
1706	17.6850	1.8615
1707	17.6900	1.8623
1708	17.6960	1.8633
1709	17.7010	1.8640
1710	17.7070	1.8650
1711	17.7120	1.8658
1712	17.7180	1.8668
1713	17.7230	1.8677
1714	17.7280	1.8687
1715	17.7340	1.8693
1716	17.7390	1.8703
1717	17.7450	1.8713
1718	17.7500	1.8722
1719	17.7560	1.8730
1720	17.7610	1.8740
1721	17.7660	1.8750
1722	17.7720	1.8757
1723	17.7770	1.8767
1724	17.7830	1.8775
1725	17.7880	1.8785
1726	17.7940	1.8793
1727	17.7990	1.8802
1728	17.8040	1.8812
1729	17.8100	1.8820
1730	17.8150	1.8830
1731	17.8210	1.8838
1732	17.8260	1.8847
1733	17.8320	1.8855
1734	17.8370	1.8865
1735	17.8420	1.8873
1736	17.8480	1.8883
1737	17.8530	1.8890
1738	17.8590	1.8902
1739	17.8640	1.8910
1740	17.8700	1.8918
1741	17.8750	1.8928
1742	17.8800	1.8937
1743	17.8860	1.8947
1744	17.8910	1.8953
1745	17.8970	1.8963
1746	17.9020	1.8972
1747	17.9080	1.8982
1748	17.9130	1.8992
1749	17.9180	1.9000
1750	17.9240	1.9010
1751	17.9290	1.9018
1752	17.9350	1.9027
1753	17.9400	1.9035
1754	17.9460	1.9045
1755	17.9510	1.9053
1756	17.9560	1.9063
1757	17.9620	1.9073
1758	17.9670	1.9082
1759	17.9730	1.9090
1760	17.9780	1.9098
1761	17.9840	1.9108
1762	17.9890	1.9117
1763	17.9940	1.9127
1764	18.0000	1.9135
1765	18.0050	1.9145
1766	18.0110	1.9153
1767	18.0160	1.9162
1768	18.0220	1.9172
1769	18.0270	1.9180
1770	18.0320	1.9190
1771	18.0380	1.9198
1772	18.0430	1.9207
1773	18.0490	1.9217
1774	18.0540	1.9225
1775	18.0600	1.9235
1776	18.0650	1.9245
1777	18.0700	1.9253
1778	18.0760	1.9263
1779	18.0810	1.9270
1780	18.0870	1.9280
1781	18.0920	1.9288
1782	18.0970	1.9298
1783	18.1030	1.9305
1784	18.1080	1.9317
1785	18.1140	1.9327
1786	18.1190	1.9335
1787	18.1240	1.9343
1788	18.1300	1.9352
1789	18.1350	1.9362
1790	18.1410	1.9372
1791	18.1460	1.9378
1792	18.1520	1.9388
1793	18.1570	1.9398
1794	18.1620	1.9408
1795	18.1680	1.9417
1796	18.1730	1.9425
1797	18.1790	1.9435
1798	18.1840	1.9443
1799	18.1890	1.9453
1800	18.1950	1.9460
1801	18.2000	1.9470
1802	18.2060	1.9478
1803	18.2110	1.9488
1804	18.2160	1.9498
1805	18.2220	1.9507
1806	18.2270	1.9517
1807	18.2330	1.9525
1808	18.2380	1.9533
1809	18.2440	1.9543
1810	18.2490	1.9552
1811	18.2540	1.9562
1812	18.2600	1.9570
1813	18.2650	1.9580
1814	18.2700	1.9590
1815	18.2760	1.9598
1816	18.2810	1.9607
1817	18.2870	1.9615
1818	18.2920	1.9625
1819	18.2980	1.9635
1820	18.3030	1.9643
1821	18.3080	1.9652
1822	18.3140	1.9660
1823	18.3190	1.9672
1824	18.3240	1.9680
1825	18.3300	1.9688
1826	18.3350	1.9698
1827	18.3410	1.9707
1828	18.3460	1.9717
1829	18.3510	1.9727
1830	18.3570	1.9733
1831	18.3620	1.9743
1832	18.3680	1.9752
1833	18.3730	1.9762
1834	18.3780	1.9772
1835	18.3840	1.9780
1836	18.3890	1.9790
1837	18.3940	1.9798
1838	18.4000	1.9807
1839	18.4050	1.9817
1840	18.4110	1.9825
1841	18.4160	1.9835
1842	18.4220	1.9843
1843	18.4270	1.9852
1844	18.4320	1.9862
1845	18.4380	1.9872
1846	18.4430	1.9882
1847	18.4480	1.9890
1848	18.4540	1.9898
1849	18.4590	1.9908
1850	18.4640	1.9917
1851	18.4700	1.9927
1852	18.4750	1.9935
1853	18.4810	1.9943
1854	18.4860	1.9953
1855	18.4910	1.9962
1856	18.4970	1.9972

